# Generated by import-freedoom-music.py -- do not edit by hand.
# Source: Freedoom (3-clause BSD), musics/*.mid
#
#   t <name> <length_ms>          a track, and how long before it loops
#   n <start_ms> <dur_ms> <midi_note> <velocity> <wave>
#
# Times are milliseconds from the start of the track. Notes are sorted by
# start time, so the sequencer only ever walks forward.

t title 6957
n 0 217 36 100 1
n 0 217 43 100 1
n 0 217 48 100 1
n 0 217 55 100 1
n 217 109 36 100 1
n 217 435 55 100 1
n 217 435 48 100 1
n 217 435 43 100 1
n 326 109 36 100 1
n 435 109 43 100 1
n 652 435 43 100 1
n 652 435 48 100 1
n 652 435 55 100 1
n 652 217 36 98 3
n 870 109 36 98 3
n 1087 326 43 100 1
n 1087 326 48 100 1
n 1087 326 55 100 1
n 1087 109 53 98 3
n 1196 109 36 100 1
n 1413 217 36 100 1
n 1413 326 43 100 1
n 1413 326 48 100 1
n 1413 326 55 100 1
n 1630 109 43 100 1
n 1739 217 34 100 1
n 1739 217 46 100 1
n 1739 217 53 100 1
n 1739 217 41 100 1
n 1957 109 34 100 1
n 1957 435 46 100 1
n 1957 435 53 100 1
n 1957 435 41 100 1
n 2174 109 41 100 1
n 2283 109 46 100 1
n 2500 217 41 100 1
n 2609 109 36 98 3
n 2609 217 46 98 3
n 2717 217 39 100 1
n 2717 109 36 98 3
n 2826 326 41 100 1
n 2826 326 53 100 1
n 2826 326 46 100 1
n 2935 109 34 100 1
n 3152 109 41 100 1
n 3152 326 41 100 1
n 3152 326 46 100 1
n 3152 326 53 100 1
n 3261 109 36 100 1
n 3370 109 34 100 1
n 3478 109 65 102 0
n 3478 217 29 100 1
n 3478 217 48 100 1
n 3696 217 29 100 1
n 3696 326 41 100 1
n 3696 326 52 100 1
n 3696 326 48 100 1
n 4022 217 29 100 1
n 4022 326 41 100 1
n 4022 326 52 100 1
n 4022 326 48 100 1
n 4348 109 72 116 0
n 4348 217 36 100 1
n 4348 217 48 100 1
n 4348 217 52 100 1
n 4565 435 64 94 0
n 4783 326 72 68 0
n 4783 326 64 68 0
n 5000 326 72 68 0
n 5000 326 64 68 0
n 5109 326 72 35 0
n 5109 326 64 35 0
n 5326 326 64 35 0
n 5326 326 72 35 0
n 5435 326 72 15 0
n 5435 326 64 15 0
n 5652 326 72 15 0
n 5652 326 64 15 0

t level 186185
n 0 182 42 100 1
n 0 2909 49 100 0
n 0 2909 42 100 0
n 182 182 42 100 1
n 364 182 45 100 1
n 545 182 42 100 1
n 727 182 47 100 1
n 909 182 49 100 1
n 1091 182 42 100 1
n 1273 182 45 100 1
n 1455 182 42 100 1
n 1636 182 42 100 1
n 1818 182 49 100 1
n 2000 182 42 100 1
n 2182 182 50 100 1
n 2364 182 42 100 1
n 2545 182 49 100 1
n 2727 182 47 100 1
n 2909 182 40 100 1
n 2909 1455 40 100 0
n 2909 1455 47 100 0
n 3091 182 40 100 1
n 3273 182 49 100 1
n 3455 182 40 100 1
n 3636 182 50 100 1
n 3818 182 49 100 1
n 4000 182 40 100 1
n 4182 182 47 100 1
n 4364 182 38 100 1
n 4364 1455 45 100 0
n 4364 1455 38 100 0
n 4545 182 38 100 1
n 4727 182 52 100 1
n 4909 182 38 100 1
n 5091 182 50 100 1
n 5273 182 38 100 1
n 5455 182 49 100 1
n 5636 182 47 100 1
n 5818 91 54 100 1
n 5818 91 36 100 3
n 6000 182 54 100 1
n 6000 182 42 100 1
n 6182 182 57 100 1
n 6182 182 45 100 1
n 6364 91 54 100 1
n 6364 182 42 100 1
n 6545 182 59 100 1
n 6545 182 47 100 1
n 6727 182 61 100 1
n 6727 182 49 100 1
n 6909 91 54 100 1
n 6909 182 42 100 1
n 7091 182 57 100 1
n 7091 182 45 100 1
n 7273 91 54 100 1
n 7273 182 42 100 1
n 7455 91 54 100 1
n 7455 182 42 100 1
n 7636 182 61 100 1
n 7636 182 49 100 1
n 7818 91 54 100 1
n 7818 182 42 100 1
n 8000 182 62 100 1
n 8000 182 50 100 1
n 8182 182 54 100 1
n 8182 182 42 100 1
n 8364 182 61 100 1
n 8364 182 49 100 1
n 8545 182 59 100 1
n 8545 182 47 100 1
n 8727 91 52 100 1
n 8727 182 40 100 1
n 8727 1455 40 100 0
n 8727 1455 47 100 0
n 8909 182 52 100 1
n 8909 182 40 100 1
n 9091 182 61 100 1
n 9091 182 49 100 1
n 9273 91 52 100 1
n 9273 182 40 100 1
n 9455 182 62 100 1
n 9455 182 50 100 1
n 9818 182 52 100 1
n 9818 182 40 100 1
n 10000 182 59 100 1
n 10000 182 47 100 1
n 10182 91 50 100 1
n 10182 182 38 100 1
n 10182 1455 45 100 0
n 10182 1455 38 100 0
n 10364 91 50 100 1
n 10364 182 38 100 1
n 10545 182 64 100 1
n 10727 91 50 100 1
n 10727 182 38 100 1
n 10909 91 38 100 3
n 10909 91 47 100 3
n 11000 91 45 100 3
n 11091 91 43 100 3
n 11091 182 50 100 1
n 11182 91 41 100 3
n 11273 45 38 100 3
n 11273 182 61 100 1
n 11318 45 38 100 3
n 11455 182 59 100 1
n 11455 182 47 100 1
n 11818 91 36 100 3
n 11818 182 42 100 1
n 11818 182 42 100 1
n 11818 182 30 100 1
n 12000 91 38 100 3
n 12000 91 46 100 3
n 12000 182 45 100 1
n 12000 182 45 100 1
n 12182 91 42 100 1
n 12182 91 42 100 1
n 12182 91 36 100 3
n 12182 182 30 100 1
n 12273 91 36 100 3
n 12364 91 36 100 3
n 12364 91 46 100 3
n 12364 182 47 100 1
n 12364 182 47 100 1
n 12545 91 36 100 3
n 12545 182 49 100 1
n 12727 91 42 100 1
n 12727 91 42 100 1
n 12727 91 38 100 3
n 12727 91 46 100 3
n 12909 91 36 100 3
n 12909 182 45 100 1
n 12909 182 45 100 1
n 12909 182 33 100 1
n 13091 91 42 100 1
n 13091 91 42 100 1
n 13091 91 36 100 3
n 13091 91 46 100 3
n 13273 91 42 100 1
n 13273 91 42 100 1
n 13273 91 36 100 3
n 13273 182 30 100 1
n 13455 91 46 100 3
n 13455 91 38 100 3
n 13455 182 49 100 1
n 13455 182 49 100 1
n 13636 91 42 100 1
n 13636 91 42 100 1
n 13727 91 36 100 3
n 13818 91 36 100 3
n 13818 91 46 100 3
n 13818 182 50 100 1
n 13818 182 50 100 1
n 14000 91 36 100 3
n 14000 182 42 100 1
n 14000 182 42 100 1
n 14000 182 30 100 1
n 14182 91 38 100 3
n 14182 91 46 100 3
n 14182 182 49 100 1
n 14182 182 49 100 1
n 14364 91 36 100 3
n 14364 182 47 100 1
n 14364 182 47 100 1
n 14364 182 35 100 1
n 14455 91 38 100 3
n 14727 91 36 100 3
n 14727 182 40 100 1
n 14727 182 40 100 1
n 14727 182 28 100 1
n 14909 91 38 100 3
n 14909 91 46 100 3
n 14909 182 49 100 1
n 14909 182 49 100 1
n 15091 91 40 100 1
n 15091 91 40 100 1
n 15091 91 36 100 3
n 15091 182 28 100 1
n 15182 91 36 100 3
n 15273 91 36 100 3
n 15273 91 46 100 3
n 15273 182 50 100 1
n 15273 182 50 100 1
n 15455 91 36 100 3
n 15455 182 49 100 1
n 15455 182 49 100 1
n 15455 182 33 100 1
n 15636 91 38 100 3
n 15818 91 36 100 3
n 15818 182 47 100 1
n 15818 182 47 100 1
n 15818 182 32 100 1
n 16000 91 38 100 1
n 16000 91 38 100 1
n 16000 91 36 100 3
n 16000 91 46 100 3
n 16182 91 38 100 1
n 16182 91 38 100 1
n 16182 91 36 100 3
n 16182 182 26 100 1
n 16364 91 46 100 3
n 16364 91 38 100 3
n 16364 182 52 100 1
n 16364 182 52 100 1
n 16545 91 38 100 1
n 16545 91 38 100 1
n 16636 91 36 100 3
n 16727 91 36 100 3
n 16727 91 46 100 3
n 16727 182 50 100 1
n 16727 182 50 100 1
n 16909 91 36 100 3
n 16909 182 38 100 1
n 16909 182 38 100 1
n 16909 182 26 100 1
n 17091 91 38 100 3
n 17091 91 46 100 3
n 17091 182 49 100 1
n 17091 182 49 100 1
n 17273 91 36 100 3
n 17273 182 47 100 1
n 17273 182 47 100 1
n 17273 182 32 100 1
n 17455 91 42 100 1
n 17455 91 42 100 1
n 17455 91 36 100 3
n 17455 91 46 100 3
n 17636 91 36 100 3
n 17636 182 42 100 1
n 17636 182 42 100 1
n 17636 182 30 100 1
n 17818 91 38 100 3
n 17818 91 46 100 3
n 17818 182 45 100 1
n 17818 182 45 100 1
n 18000 91 42 100 1
n 18000 91 42 100 1
n 18000 91 36 100 3
n 18000 182 30 100 1
n 18091 91 36 100 3
n 18182 91 36 100 3
n 18182 91 46 100 3
n 18182 182 47 100 1
n 18182 182 47 100 1
n 18364 91 36 100 3
n 18364 182 49 100 1
n 18364 182 49 100 1
n 18364 182 37 100 1
n 18545 91 42 100 1
n 18727 91 36 100 3
n 18727 182 45 100 1
n 18727 182 45 100 1
n 18727 182 33 100 1
n 18909 91 42 100 1
n 18909 91 42 100 1
n 18909 91 36 100 3
n 18909 91 46 100 3
n 19091 91 42 100 1
n 19091 91 42 100 1
n 19091 91 36 100 3
n 19091 182 30 100 1
n 19273 91 46 100 3
n 19273 91 38 100 3
n 19273 182 49 100 1
n 19273 182 49 100 1
n 19455 91 42 100 1
n 19455 91 42 100 1
n 19455 91 36 100 3
n 19455 182 30 100 1
n 19636 91 36 100 3
n 19636 91 46 100 3
n 19636 182 50 100 1
n 19818 91 36 100 3
n 19818 182 42 100 1
n 19818 182 42 100 1
n 19818 182 30 100 1
n 20000 91 38 100 3
n 20000 91 46 100 3
n 20000 182 49 100 1
n 20000 182 49 100 1
n 20182 91 36 100 3
n 20182 182 47 100 1
n 20182 182 47 100 1
n 20182 182 35 100 1
n 20273 91 38 100 3
n 20364 91 40 100 1
n 20364 91 40 100 1
n 20364 91 36 100 3
n 20364 91 46 100 3
n 20545 91 36 100 3
n 20545 182 40 100 1
n 20545 182 40 100 1
n 20545 182 28 100 1
n 20727 91 38 100 3
n 20727 91 46 100 3
n 20727 182 49 100 1
n 20727 182 49 100 1
n 20909 91 40 100 1
n 20909 91 40 100 1
n 20909 91 36 100 3
n 20909 182 28 100 1
n 21000 91 36 100 3
n 21091 91 36 100 3
n 21091 91 46 100 3
n 21091 182 50 100 1
n 21091 182 50 100 1
n 21273 91 36 100 3
n 21273 182 49 100 1
n 21273 182 49 100 1
n 21273 182 33 100 1
n 21455 91 38 100 3
n 21455 91 46 100 3
n 21455 182 40 100 1
n 21455 182 40 100 1
n 21636 91 36 100 3
n 21636 182 47 100 1
n 21818 91 38 100 1
n 21818 91 38 100 1
n 21818 91 36 100 3
n 21818 91 46 100 3
n 22000 91 38 100 1
n 22000 91 38 100 1
n 22000 91 36 100 3
n 22000 182 26 100 1
n 22182 91 46 100 3
n 22182 91 38 100 3
n 22182 182 52 100 1
n 22182 182 52 100 1
n 22364 91 38 100 1
n 22364 91 38 100 1
n 22364 91 36 100 3
n 22364 182 26 100 1
n 22455 91 36 100 3
n 22545 91 36 100 3
n 22545 91 46 100 3
n 22727 91 36 100 3
n 22727 182 38 100 1
n 22727 182 38 100 1
n 22727 182 26 100 1
n 22909 91 38 100 3
n 22909 91 52 100 3
n 22909 182 49 100 1
n 22909 182 49 100 1
n 23000 91 38 100 3
n 23091 91 38 100 3
n 23091 182 47 100 1
n 23091 182 47 100 1
n 23091 182 32 100 1
n 23182 91 38 100 3
n 23273 91 42 100 1
n 23273 91 42 100 1
n 23273 91 36 100 3
n 23273 91 57 100 3
n 23364 91 54 100 0
n 23455 91 36 100 3
n 23455 91 61 100 0
n 23455 182 42 100 1
n 23455 182 42 100 1
n 23636 91 38 100 3
n 23636 91 49 100 3
n 23727 91 62 100 0
n 23818 91 42 100 1
n 23818 91 42 100 1
n 23818 91 36 100 3
n 23818 91 61 100 0
n 23909 91 36 100 3
n 23909 91 61 100 0
n 24000 91 36 100 3
n 24000 91 49 100 3
n 24000 91 54 100 0
n 24000 182 47 100 1
n 24091 91 54 100 0
n 24182 91 36 100 3
n 24182 91 61 100 0
n 24182 182 49 100 1
n 24182 182 49 100 1
n 24273 91 61 100 0
n 24364 91 42 100 1
n 24364 91 42 100 1
n 24364 91 38 100 3
n 24364 91 49 100 3
n 24455 91 62 100 0
n 24545 91 36 100 3
n 24545 91 61 100 0
n 24545 182 45 100 1
n 24636 91 61 100 0
n 24727 91 42 100 1
n 24727 91 42 100 1
n 24727 91 36 100 3
n 24727 91 49 100 3
n 24818 91 54 100 0
n 24909 91 42 100 1
n 24909 91 42 100 1
n 24909 91 36 100 3
n 24909 91 64 100 0
n 25000 91 64 100 0
n 25091 91 49 100 3
n 25091 91 38 100 3
n 25091 91 62 100 0
n 25091 182 49 100 1
n 25182 91 62 100 0
n 25273 91 42 100 1
n 25273 91 42 100 1
n 25273 91 36 100 3
n 25273 91 61 100 0
n 25364 91 36 100 3
n 25364 91 61 100 0
n 25455 91 36 100 3
n 25455 91 49 100 3
n 25455 91 54 100 0
n 25455 182 50 100 1
n 25636 91 36 100 3
n 25636 91 64 100 0
n 25636 182 42 100 1
n 25727 91 64 100 0
n 25818 91 38 100 3
n 25818 91 49 100 3
n 25818 91 62 100 0
n 25818 182 49 100 1
n 25909 91 62 100 0
n 26000 91 36 100 3
n 26000 91 61 100 0
n 26000 182 47 100 1
n 26000 182 47 100 1
n 26091 91 38 100 3
n 26091 91 61 100 0
n 26182 91 40 100 1
n 26182 91 40 100 1
n 26182 91 36 100 3
n 26182 91 49 100 3
n 26273 91 52 100 0
n 26364 91 36 100 3
n 26364 91 59 100 0
n 26364 182 40 100 1
n 26364 182 40 100 1
n 26455 91 59 100 0
n 26545 91 38 100 3
n 26636 91 61 100 0
n 26727 91 40 100 1
n 26727 91 40 100 1
n 26727 91 36 100 3
n 26727 91 59 100 0
n 26818 91 36 100 3
n 26818 91 59 100 0
n 26909 91 36 100 3
n 26909 91 49 100 3
n 26909 91 52 100 0
n 26909 182 50 100 1
n 27000 91 52 100 0
n 27091 91 36 100 3
n 27091 91 59 100 0
n 27091 182 49 100 1
n 27091 182 49 100 1
n 27182 91 59 100 0
n 27273 91 38 100 3
n 27273 91 49 100 3
n 27273 91 61 100 0
n 27273 182 40 100 1
n 27364 91 61 100 0
n 27455 91 36 100 3
n 27455 91 59 100 0
n 27455 182 47 100 1
n 27455 182 47 100 1
n 27636 91 38 100 1
n 27636 91 38 100 1
n 27727 91 50 100 0
n 27818 91 38 100 1
n 27818 91 38 100 1
n 27818 91 36 100 3
n 27818 91 62 100 0
n 27909 91 62 100 0
n 28000 91 49 100 3
n 28000 91 38 100 3
n 28000 91 64 100 0
n 28000 182 52 100 1
n 28091 91 64 100 0
n 28182 91 38 100 1
n 28182 91 38 100 1
n 28182 91 36 100 3
n 28182 91 61 100 0
n 28273 91 36 100 3
n 28273 91 61 100 0
n 28364 91 36 100 3
n 28364 91 49 100 3
n 28364 91 50 100 0
n 28364 182 50 100 1
n 28455 91 50 100 0
n 28545 91 36 100 3
n 28545 91 61 100 0
n 28636 91 61 100 0
n 28727 91 38 100 3
n 28727 91 49 100 3
n 28727 91 57 100 0
n 28727 182 49 100 1
n 28818 91 57 100 0
n 28909 91 36 100 3
n 28909 91 56 100 0
n 28909 182 47 100 1
n 28909 182 47 100 1
n 29000 91 56 100 0
n 29091 91 42 100 1
n 29091 91 42 100 1
n 29091 91 36 100 3
n 29091 91 57 100 3
n 29182 91 54 100 0
n 29273 91 36 100 3
n 29273 91 61 100 0
n 29273 182 42 100 1
n 29273 182 42 100 1
n 29364 91 61 100 0
n 29455 91 38 100 3
n 29455 91 49 100 3
n 29455 91 62 100 0
n 29455 182 45 100 1
n 29636 91 42 100 1
n 29636 91 42 100 1
n 29636 91 36 100 3
n 29727 91 36 100 3
n 29727 91 61 100 0
n 29818 91 36 100 3
n 29818 91 49 100 3
n 29818 91 54 100 0
n 29818 182 47 100 1
n 29909 91 54 100 0
n 30000 91 36 100 3
n 30000 91 61 100 0
n 30000 182 49 100 1
n 30000 182 49 100 1
n 30091 91 61 100 0
n 30182 91 42 100 1
n 30182 91 42 100 1
n 30182 91 38 100 3
n 30182 91 49 100 3
n 30273 91 62 100 0
n 30364 91 36 100 3
n 30364 91 61 100 0
n 30364 182 45 100 1
n 30364 182 45 100 1
n 30455 91 61 100 0
n 30545 91 42 100 1
n 30636 91 54 100 0
n 30727 91 42 100 1
n 30727 91 42 100 1
n 30727 91 36 100 3
n 30727 91 64 100 0
n 30818 91 64 100 0
n 30909 91 49 100 3
n 30909 91 38 100 3
n 30909 91 62 100 0
n 30909 182 49 100 1
n 31000 91 62 100 0
n 31091 91 42 100 1
n 31091 91 42 100 1
n 31091 91 36 100 3
n 31091 91 61 100 0
n 31182 91 36 100 3
n 31182 91 61 100 0
n 31273 91 36 100 3
n 31273 91 49 100 3
n 31273 91 54 100 0
n 31273 182 50 100 1
n 31364 91 54 100 0
n 31455 91 36 100 3
n 31455 91 64 100 0
n 31455 182 42 100 1
n 31455 182 42 100 1
n 31636 91 38 100 3
n 31636 91 49 100 3
n 31727 91 62 100 0
n 31818 91 36 100 3
n 31818 91 61 100 0
n 31818 182 47 100 1
n 31818 182 47 100 1
n 31909 91 38 100 3
n 31909 91 61 100 0
n 32000 91 40 100 1
n 32000 91 40 100 1
n 32000 91 36 100 3
n 32000 91 49 100 3
n 32091 91 52 100 0
n 32182 91 36 100 3
n 32182 91 59 100 0
n 32182 182 40 100 1
n 32182 182 40 100 1
n 32273 91 59 100 0
n 32364 91 38 100 3
n 32364 91 49 100 3
n 32364 91 61 100 0
n 32364 182 49 100 1
n 32455 91 61 100 0
n 32545 91 40 100 1
n 32545 91 40 100 1
n 32636 91 36 100 3
n 32636 91 59 100 0
n 32727 91 36 100 3
n 32727 91 49 100 3
n 32727 91 52 100 0
n 32727 182 50 100 1
n 32818 91 52 100 0
n 32909 91 36 100 3
n 32909 91 59 100 0
n 32909 182 49 100 1
n 32909 182 49 100 1
n 33000 91 59 100 0
n 33091 91 38 100 3
n 33091 91 49 100 3
n 33091 91 61 100 0
n 33091 182 40 100 1
n 33182 91 61 100 0
n 33273 91 36 100 3
n 33273 91 59 100 0
n 33273 182 47 100 1
n 33273 182 47 100 1
n 33364 91 59 100 0
n 33455 91 38 100 1
n 33455 91 38 100 1
n 33455 91 36 100 3
n 33455 91 49 100 3
n 33636 91 38 100 1
n 33636 91 38 100 1
n 33636 91 36 100 3
n 33636 91 62 100 0
n 33727 91 62 100 0
n 33818 91 49 100 3
n 33818 91 38 100 3
n 33818 91 64 100 0
n 33818 182 52 100 1
n 33909 91 64 100 0
n 34000 91 38 100 1
n 34000 91 38 100 1
n 34000 91 36 100 3
n 34000 91 61 100 0
n 34091 91 36 100 3
n 34091 91 61 100 0
n 34182 91 36 100 3
n 34182 91 49 100 3
n 34182 91 50 100 0
n 34182 182 50 100 1
n 34273 91 50 100 0
n 34364 91 36 100 3
n 34364 91 61 100 0
n 34364 182 38 100 1
n 34364 182 38 100 1
n 34455 91 61 100 0
n 34545 91 38 100 3
n 34636 91 38 100 3
n 34636 91 57 100 0
n 34727 91 38 100 3
n 34727 91 56 100 0
n 34727 182 47 100 1
n 34727 182 47 100 1
n 34818 91 38 100 3
n 34818 91 56 100 0
n 34909 91 42 100 1
n 34909 91 49 100 1
n 34909 91 42 100 1
n 34909 91 49 100 1
n 35091 91 49 100 1
n 35091 91 42 100 1
n 35091 91 49 100 1
n 35091 91 42 100 1
n 35273 91 49 100 3
n 35273 91 38 100 3
n 35273 182 42 100 1
n 35273 182 49 100 1
n 35455 91 42 100 1
n 35455 91 49 100 1
n 35455 91 42 100 1
n 35455 91 49 100 1
n 35636 91 49 100 3
n 35636 91 36 100 3
n 35636 182 42 100 1
n 35636 182 49 100 1
n 35818 91 36 100 3
n 35818 182 42 100 1
n 35818 182 50 100 1
n 35818 182 42 100 1
n 36000 91 42 100 1
n 36000 91 49 100 1
n 36000 91 42 100 1
n 36000 91 49 100 1
n 36182 91 36 100 3
n 36182 182 42 100 1
n 36182 182 49 100 1
n 36182 182 49 100 1
n 36364 91 42 100 1
n 36364 91 49 100 1
n 36364 91 42 100 1
n 36364 91 49 100 1
n 36545 91 49 100 1
n 36545 91 42 100 1
n 36545 91 49 100 1
n 36545 91 42 100 1
n 36727 91 49 100 3
n 36727 91 38 100 3
n 36727 182 42 100 1
n 36727 182 49 100 1
n 36909 91 42 100 1
n 36909 91 49 100 1
n 36909 91 42 100 1
n 36909 91 49 100 1
n 37000 91 36 100 3
n 37091 91 49 100 3
n 37091 91 36 100 3
n 37091 182 42 100 1
n 37091 182 49 100 1
n 37273 91 36 100 3
n 37273 182 42 100 1
n 37273 182 50 100 1
n 37273 182 42 100 1
n 37455 91 42 100 1
n 37455 91 49 100 1
n 37455 91 42 100 1
n 37455 91 49 100 1
n 37636 91 36 100 3
n 37636 182 49 100 1
n 37636 182 42 100 1
n 37636 182 49 100 1
n 37727 91 38 100 3
n 37818 91 40 100 1
n 37818 91 47 100 1
n 37818 91 40 100 1
n 37818 91 47 100 1
n 38000 91 47 100 1
n 38000 91 40 100 1
n 38000 91 47 100 1
n 38000 91 40 100 1
n 38182 91 49 100 3
n 38182 91 38 100 3
n 38182 182 40 100 1
n 38182 182 47 100 1
n 38364 91 40 100 1
n 38364 91 47 100 1
n 38364 91 40 100 1
n 38364 91 47 100 1
n 38455 91 36 100 3
n 38545 91 49 100 3
n 38545 91 36 100 3
n 38545 182 40 100 1
n 38727 91 36 100 3
n 38727 182 40 100 1
n 38727 182 49 100 1
n 38727 182 40 100 1
n 38909 91 40 100 1
n 38909 91 47 100 1
n 38909 91 40 100 1
n 38909 91 47 100 1
n 39091 91 36 100 3
n 39091 182 40 100 1
n 39091 182 47 100 1
n 39091 182 47 100 1
n 39273 91 38 100 1
n 39273 91 45 100 1
n 39273 91 38 100 1
n 39273 91 45 100 1
n 39455 91 45 100 1
n 39455 91 38 100 1
n 39455 91 45 100 1
n 39455 91 38 100 1
n 39636 91 49 100 3
n 39636 91 38 100 3
n 39636 182 38 100 1
n 39636 182 45 100 1
n 39818 91 38 100 1
n 39818 91 45 100 1
n 39818 91 38 100 1
n 39818 91 45 100 1
n 39909 91 36 100 3
n 40000 91 49 100 3
n 40000 91 36 100 3
n 40000 182 38 100 1
n 40000 182 45 100 1
n 40182 91 36 100 3
n 40182 182 38 100 1
n 40182 182 44 100 1
n 40182 182 38 100 1
n 40364 91 38 100 1
n 40364 91 45 100 1
n 40364 91 38 100 1
n 40364 91 45 100 1
n 40545 91 36 100 3
n 40545 182 38 100 1
n 40545 182 45 100 1
n 40545 182 45 100 1
n 40727 91 42 100 1
n 40727 91 49 100 1
n 40727 91 42 100 1
n 40727 91 49 100 1
n 40909 91 49 100 1
n 40909 91 42 100 1
n 40909 91 49 100 1
n 40909 91 42 100 1
n 41091 91 49 100 3
n 41091 91 38 100 3
n 41091 182 42 100 1
n 41091 182 49 100 1
n 41273 91 42 100 1
n 41273 91 49 100 1
n 41273 91 42 100 1
n 41273 91 49 100 1
n 41364 91 36 100 3
n 41455 91 49 100 3
n 41455 91 36 100 3
n 41455 182 42 100 1
n 41455 182 49 100 1
n 41636 91 36 100 3
n 41636 182 42 100 1
n 41818 91 42 100 1
n 41818 91 49 100 1
n 41818 91 42 100 1
n 41818 91 49 100 1
n 42000 91 36 100 3
n 42000 182 42 100 1
n 42000 182 49 100 1
n 42000 182 49 100 1
n 42182 91 42 100 1
n 42182 91 49 100 1
n 42182 91 42 100 1
n 42182 91 49 100 1
n 42364 91 49 100 1
n 42364 91 42 100 1
n 42364 91 49 100 1
n 42364 91 42 100 1
n 42545 91 49 100 3
n 42545 91 38 100 3
n 42545 182 42 100 1
n 42545 182 49 100 1
n 42727 91 42 100 1
n 42727 91 49 100 1
n 42727 91 42 100 1
n 42727 91 49 100 1
n 42818 91 36 100 3
n 42909 91 49 100 3
n 42909 91 36 100 3
n 42909 182 42 100 1
n 42909 182 49 100 1
n 43091 91 36 100 3
n 43091 182 42 100 1
n 43091 182 50 100 1
n 43091 182 42 100 1
n 43273 91 42 100 1
n 43273 91 49 100 1
n 43273 91 42 100 1
n 43273 91 49 100 1
n 43455 91 36 100 3
n 43455 182 49 100 1
n 43455 182 42 100 1
n 43455 182 49 100 1
n 43636 91 40 100 1
n 43818 91 47 100 1
n 43818 91 40 100 1
n 43818 91 47 100 1
n 43818 91 40 100 1
n 44000 91 49 100 3
n 44000 91 38 100 3
n 44000 182 40 100 1
n 44000 182 47 100 1
n 44182 91 40 100 1
n 44182 91 47 100 1
n 44182 91 40 100 1
n 44182 91 47 100 1
n 44273 91 36 100 3
n 44364 91 49 100 3
n 44364 91 36 100 3
n 44364 182 40 100 1
n 44364 182 47 100 1
n 44545 91 36 100 3
n 44545 182 40 100 1
n 44727 91 40 100 1
n 44727 91 47 100 1
n 44727 91 40 100 1
n 44727 91 47 100 1
n 44909 91 36 100 3
n 44909 182 40 100 1
n 44909 182 47 100 1
n 44909 182 47 100 1
n 45091 91 38 100 1
n 45091 91 45 100 1
n 45091 91 38 100 1
n 45091 91 45 100 1
n 45273 91 45 100 1
n 45273 91 38 100 1
n 45273 91 45 100 1
n 45273 91 38 100 1
n 45454 91 49 100 3
n 45454 91 38 100 3
n 45454 182 38 100 1
n 45454 182 45 100 1
n 45636 91 38 100 1
n 45636 91 45 100 1
n 45636 91 38 100 1
n 45636 91 45 100 1
n 45727 91 36 100 3
n 45818 91 49 100 3
n 45818 91 36 100 3
n 45818 182 38 100 1
n 45818 182 45 100 1
n 46000 91 36 100 3
n 46000 182 38 100 1
n 46000 182 44 100 1
n 46000 182 38 100 1
n 46182 91 38 100 1
n 46182 91 45 100 1
n 46182 91 38 100 1
n 46182 91 45 100 1
n 46273 91 38 100 3
n 46364 91 38 100 3
n 46364 182 38 100 1
n 46364 182 45 100 1
n 46364 182 45 100 1
n 46545 91 36 100 3
n 46727 182 42 100 1
n 46909 182 45 100 1
n 47091 182 42 100 1
n 47273 182 47 100 1
n 47454 182 49 100 1
n 47636 182 42 100 1
n 47818 182 45 100 1
n 48000 182 42 100 1
n 48182 182 42 100 1
n 48364 182 49 100 1
n 48545 182 42 100 1
n 48727 182 50 100 1
n 48909 182 42 100 1
n 49091 182 49 100 1
n 49273 182 47 100 1
n 49454 182 40 100 1
n 49454 1455 40 100 0
n 49454 1455 47 100 0
n 49636 182 40 100 1
n 49818 182 49 100 1
n 50000 182 40 100 1
n 50182 182 50 100 1
n 50364 182 49 100 1
n 50545 182 40 100 1
n 50727 182 47 100 1
n 50909 182 38 100 1
n 50909 1455 45 100 0
n 50909 1455 38 100 0
n 51091 182 38 100 1
n 51273 182 52 100 1
n 51454 182 38 100 1
n 51636 182 50 100 1
n 51818 182 38 100 1
n 52000 182 49 100 1
n 52182 182 47 100 1
n 52364 182 42 100 1
n 52364 2909 42 100 0
n 52364 2909 49 100 0
n 52545 182 42 100 1
n 52727 182 45 100 1
n 52909 182 42 100 1
n 53091 182 47 100 1
n 53273 182 49 100 1
n 53454 182 42 100 1
n 53636 182 45 100 1
n 53818 182 42 100 1
n 54000 182 42 100 1
n 54182 182 49 100 1
n 54364 182 42 100 1
n 54545 182 50 100 1
n 54727 182 42 100 1
n 54909 182 49 100 1
n 55091 182 47 100 1
n 55273 182 40 100 1
n 55273 1455 40 100 0
n 55273 1455 47 100 0
n 55454 182 40 100 1
n 55636 182 49 100 1
n 55818 182 40 100 1
n 56000 182 50 100 1
n 56182 182 49 100 1
n 56364 182 40 100 1
n 56545 182 47 100 1
n 56727 182 38 100 1
n 56727 1455 45 100 0
n 56909 182 38 100 1
n 57091 182 52 100 1
n 57273 182 38 100 1
n 57454 182 50 100 1
n 57636 182 38 100 1
n 57818 182 49 100 1
n 58000 182 47 100 1
n 58182 182 42 100 1
n 58182 182 54 100 0
n 58182 182 30 100 1
n 58182 2909 49 100 0
n 58364 182 42 100 1
n 58364 182 54 100 0
n 58364 182 30 100 1
n 58727 182 42 100 1
n 58727 182 54 100 0
n 58727 182 30 100 1
n 58909 182 47 100 1
n 58909 182 59 100 0
n 58909 182 35 100 1
n 59091 182 49 100 1
n 59091 182 61 100 0
n 59091 182 37 100 1
n 59273 182 42 100 1
n 59273 182 54 100 0
n 59273 182 30 100 1
n 59636 182 42 100 1
n 59636 182 54 100 0
n 59636 182 30 100 1
n 59818 182 42 100 1
n 59818 182 54 100 0
n 59818 182 30 100 1
n 60000 182 49 100 1
n 60000 182 61 100 0
n 60000 182 30 100 1
n 60182 182 42 100 1
n 60182 182 54 100 0
n 60182 182 30 100 1
n 60364 182 50 100 1
n 60364 182 62 100 0
n 60364 182 30 100 1
n 60727 182 49 100 1
n 60727 182 61 100 0
n 60727 182 33 100 1
n 60909 182 47 100 1
n 60909 182 59 100 0
n 60909 182 35 100 1
n 61091 182 40 100 1
n 61091 182 52 100 0
n 61091 182 28 100 1
n 61091 1455 40 100 0
n 61273 182 40 100 1
n 61273 182 52 100 0
n 61273 182 28 100 1
n 61636 182 40 100 1
n 61636 182 52 100 0
n 61636 182 28 100 1
n 61818 182 50 100 1
n 61818 182 62 100 0
n 61818 182 35 100 1
n 62000 182 49 100 1
n 62000 182 61 100 0
n 62000 182 33 100 1
n 62182 182 40 100 1
n 62182 182 52 100 0
n 62182 182 28 100 1
n 62364 182 47 100 1
n 62364 182 59 100 0
n 62364 182 32 100 1
n 62727 182 38 100 1
n 62727 182 50 100 0
n 62727 182 26 100 1
n 62909 182 52 100 1
n 62909 182 64 100 0
n 62909 182 26 100 1
n 63091 182 38 100 1
n 63091 182 50 100 0
n 63091 182 26 100 1
n 63273 182 50 100 1
n 63273 182 62 100 0
n 63273 182 26 100 1
n 63454 182 38 100 1
n 63636 182 49 100 1
n 63636 182 61 100 0
n 63636 182 33 100 1
n 63818 182 47 100 1
n 63818 182 59 100 0
n 63818 182 32 100 1
n 64000 182 42 100 1
n 64000 182 54 100 0
n 64000 182 30 100 1
n 64000 2909 42 100 0
n 64182 182 42 100 1
n 64182 182 54 100 0
n 64182 182 30 100 1
n 64364 182 45 100 1
n 64364 182 57 100 0
n 64364 182 30 100 1
n 64727 182 47 100 1
n 64727 182 59 100 0
n 64727 182 35 100 1
n 64909 182 49 100 1
n 64909 182 61 100 0
n 64909 182 37 100 1
n 65091 182 42 100 1
n 65091 182 54 100 0
n 65091 182 30 100 1
n 65273 182 45 100 1
n 65273 182 57 100 0
n 65273 182 33 100 1
n 65636 182 42 100 1
n 65636 182 54 100 0
n 65636 182 30 100 1
n 65818 182 49 100 1
n 65818 182 61 100 0
n 65818 182 30 100 1
n 66000 182 42 100 1
n 66000 182 54 100 0
n 66000 182 30 100 1
n 66182 182 50 100 1
n 66182 182 62 100 0
n 66182 182 30 100 1
n 66364 182 42 100 1
n 66364 182 54 100 0
n 66364 182 30 100 1
n 66727 182 47 100 1
n 66727 182 59 100 0
n 66727 182 35 100 1
n 66909 182 40 100 1
n 66909 182 52 100 0
n 66909 182 28 100 1
n 66909 1455 40 100 0
n 67091 182 40 100 1
n 67091 182 52 100 0
n 67091 182 28 100 1
n 67273 182 49 100 1
n 67273 182 61 100 0
n 67273 182 28 100 1
n 67636 182 50 100 1
n 67636 182 62 100 0
n 67636 182 35 100 1
n 67818 182 49 100 1
n 67818 182 61 100 0
n 67818 182 33 100 1
n 68000 182 40 100 1
n 68000 182 52 100 0
n 68000 182 28 100 1
n 68182 182 47 100 1
n 68182 182 59 100 0
n 68182 182 32 100 1
n 68364 182 38 100 1
n 68364 182 50 100 0
n 68364 182 26 100 1
n 68364 1455 45 100 0
n 68727 182 52 100 1
n 68727 182 64 100 0
n 68727 182 26 100 1
n 68909 182 38 100 1
n 68909 182 50 100 0
n 68909 182 26 100 1
n 69091 182 50 100 1
n 69091 182 62 100 0
n 69091 182 26 100 1
n 69273 182 38 100 1
n 69273 182 50 100 0
n 69273 182 26 100 1
n 69545 91 38 100 3
n 69636 91 38 100 3
n 69636 182 47 100 1
n 69636 182 59 100 0
n 69727 91 38 100 3
n 69818 91 42 100 1
n 69818 91 49 100 1
n 69818 91 49 100 1
n 70000 91 49 100 1
n 70000 91 42 100 1
n 70000 91 49 100 1
n 70000 91 42 100 1
n 70182 91 38 100 3
n 70182 91 49 100 3
n 70182 182 49 100 1
n 70182 182 42 100 1
n 70364 91 42 100 1
n 70364 91 49 100 1
n 70364 91 42 100 1
n 70364 91 49 100 1
n 70545 91 36 100 3
n 70545 91 49 100 3
n 70545 182 42 100 1
n 70545 182 49 100 1
n 70727 91 36 100 3
n 70727 182 42 100 1
n 70727 182 50 100 1
n 70727 182 50 100 1
n 70909 91 42 100 1
n 70909 91 49 100 1
n 70909 91 49 100 1
n 70909 91 42 100 1
n 71091 91 36 100 3
n 71091 182 49 100 1
n 71091 182 42 100 1
n 71091 182 49 100 1
n 71273 91 42 100 1
n 71273 91 49 100 1
n 71273 91 49 100 1
n 71273 91 42 100 1
n 71454 91 49 100 1
n 71454 91 42 100 1
n 71454 91 49 100 1
n 71454 91 42 100 1
n 71636 91 38 100 3
n 71636 91 49 100 3
n 71636 182 49 100 1
n 71636 182 42 100 1
n 71818 91 42 100 1
n 71818 91 49 100 1
n 71818 91 42 100 1
n 71818 91 49 100 1
n 71909 91 36 100 3
n 72000 91 36 100 3
n 72000 91 49 100 3
n 72000 182 42 100 1
n 72000 182 49 100 1
n 72182 91 36 100 3
n 72182 182 42 100 1
n 72182 182 50 100 1
n 72182 182 50 100 1
n 72364 91 42 100 1
n 72364 91 49 100 1
n 72364 91 49 100 1
n 72364 91 42 100 1
n 72545 91 36 100 3
n 72545 182 49 100 1
n 72545 182 42 100 1
n 72545 182 49 100 1
n 72636 91 38 100 3
n 72727 91 40 100 1
n 72727 91 47 100 1
n 72727 91 40 100 1
n 72727 91 47 100 1
n 72909 91 47 100 1
n 72909 91 40 100 1
n 72909 91 47 100 1
n 72909 91 40 100 1
n 73091 91 38 100 3
n 73091 91 49 100 3
n 73091 182 47 100 1
n 73091 182 40 100 1
n 73273 91 40 100 1
n 73273 91 47 100 1
n 73273 91 40 100 1
n 73273 91 47 100 1
n 73364 91 36 100 3
n 73454 91 36 100 3
n 73454 91 49 100 3
n 73454 182 40 100 1
n 73636 91 36 100 3
n 73636 182 40 100 1
n 73636 182 49 100 1
n 73636 182 49 100 1
n 73818 91 40 100 1
n 73818 91 47 100 1
n 73818 91 47 100 1
n 73818 91 40 100 1
n 74000 91 36 100 3
n 74000 182 47 100 1
n 74000 182 40 100 1
n 74000 182 47 100 1
n 74182 91 38 100 1
n 74182 91 45 100 1
n 74182 91 45 100 1
n 74182 91 38 100 1
n 74364 91 45 100 1
n 74364 91 38 100 1
n 74364 91 45 100 1
n 74364 91 38 100 1
n 74545 91 38 100 3
n 74545 91 49 100 3
n 74545 182 45 100 1
n 74545 182 38 100 1
n 74727 91 38 100 1
n 74727 91 45 100 1
n 74727 91 38 100 1
n 74727 91 45 100 1
n 74818 91 36 100 3
n 74909 91 36 100 3
n 74909 91 49 100 3
n 74909 182 38 100 1
n 74909 182 45 100 1
n 75091 91 36 100 3
n 75091 182 38 100 1
n 75091 182 44 100 1
n 75091 182 44 100 1
n 75273 91 38 100 1
n 75273 91 45 100 1
n 75273 91 45 100 1
n 75273 91 38 100 1
n 75454 91 36 100 3
n 75454 182 45 100 1
n 75454 182 38 100 1
n 75454 182 45 100 1
n 75636 91 42 100 1
n 75636 91 49 100 1
n 75636 91 49 100 1
n 75636 91 42 100 1
n 75818 91 49 100 1
n 75818 91 42 100 1
n 75818 91 49 100 1
n 75818 91 42 100 1
n 76000 91 38 100 3
n 76000 91 49 100 3
n 76000 182 49 100 1
n 76000 182 42 100 1
n 76182 91 42 100 1
n 76182 91 49 100 1
n 76182 91 42 100 1
n 76182 91 49 100 1
n 76273 91 36 100 3
n 76364 91 36 100 3
n 76364 91 49 100 3
n 76364 182 42 100 1
n 76364 182 49 100 1
n 76545 91 36 100 3
n 76545 182 42 100 1
n 76727 91 42 100 1
n 76727 91 49 100 1
n 76727 91 49 100 1
n 76727 91 42 100 1
n 76909 91 36 100 3
n 76909 182 49 100 1
n 76909 182 42 100 1
n 76909 182 49 100 1
n 77091 91 42 100 1
n 77091 91 49 100 1
n 77091 91 49 100 1
n 77091 91 42 100 1
n 77273 91 49 100 1
n 77273 91 42 100 1
n 77273 91 49 100 1
n 77273 91 42 100 1
n 77454 91 38 100 3
n 77454 91 49 100 3
n 77454 182 49 100 1
n 77454 182 42 100 1
n 77636 91 42 100 1
n 77636 91 49 100 1
n 77636 91 42 100 1
n 77636 91 49 100 1
n 77727 91 36 100 3
n 77818 91 36 100 3
n 77818 91 49 100 3
n 77818 182 42 100 1
n 77818 182 49 100 1
n 78000 91 36 100 3
n 78000 182 42 100 1
n 78000 182 50 100 1
n 78000 182 50 100 1
n 78182 91 42 100 1
n 78182 91 49 100 1
n 78182 91 49 100 1
n 78182 91 42 100 1
n 78364 91 36 100 3
n 78364 182 49 100 1
n 78364 182 42 100 1
n 78364 182 49 100 1
n 78545 91 40 100 1
n 78727 91 47 100 1
n 78727 91 40 100 1
n 78727 91 47 100 1
n 78727 91 40 100 1
n 78909 91 38 100 3
n 78909 91 49 100 3
n 78909 182 47 100 1
n 78909 182 40 100 1
n 79091 91 40 100 1
n 79091 91 47 100 1
n 79091 91 40 100 1
n 79091 91 47 100 1
n 79182 91 36 100 3
n 79273 91 36 100 3
n 79273 91 49 100 3
n 79273 182 40 100 1
n 79273 182 47 100 1
n 79454 91 36 100 3
n 79454 182 40 100 1
n 79636 91 40 100 1
n 79636 91 47 100 1
n 79636 91 47 100 1
n 79636 91 40 100 1
n 79818 91 36 100 3
n 79818 182 47 100 1
n 79818 182 40 100 1
n 79818 182 47 100 1
n 80000 91 38 100 1
n 80000 91 45 100 1
n 80000 91 45 100 1
n 80000 91 38 100 1
n 80182 91 45 100 1
n 80182 91 38 100 1
n 80182 91 45 100 1
n 80182 91 38 100 1
n 80364 91 38 100 3
n 80364 91 49 100 3
n 80364 182 45 100 1
n 80364 182 38 100 1
n 80545 91 38 100 1
n 80545 91 45 100 1
n 80636 91 36 100 3
n 80727 91 36 100 3
n 80727 91 49 100 3
n 80727 182 38 100 1
n 80727 182 45 100 1
n 80909 91 36 100 3
n 80909 182 38 100 1
n 80909 182 44 100 1
n 80909 182 44 100 1
n 81091 91 38 100 1
n 81091 91 45 100 1
n 81091 91 45 100 1
n 81091 91 38 100 1
n 81182 91 38 100 3
n 81273 91 38 100 3
n 81273 182 45 100 1
n 81273 182 38 100 1
n 81273 182 45 100 1
n 81364 91 38 100 3
n 81545 45 66 100 0
n 81636 45 66 100 0
n 81636 91 36 100 3
n 81636 182 42 100 1
n 81636 182 42 100 1
n 81727 45 66 100 0
n 81818 45 69 100 0
n 81818 91 49 100 3
n 81818 91 38 100 3
n 81818 182 45 100 1
n 81909 45 69 100 0
n 82000 45 66 100 0
n 82000 91 42 100 1
n 82000 91 42 100 1
n 82000 91 36 100 3
n 82091 45 66 100 0
n 82091 91 36 100 3
n 82182 45 71 100 0
n 82182 91 49 100 3
n 82182 91 36 100 3
n 82182 182 47 100 1
n 82273 45 71 100 0
n 82364 45 73 100 0
n 82364 91 36 100 3
n 82364 182 49 100 1
n 82364 182 49 100 1
n 82454 45 73 100 0
n 82545 45 66 100 0
n 82545 91 42 100 1
n 82636 45 66 100 0
n 82727 45 69 100 0
n 82727 91 36 100 3
n 82727 182 45 100 1
n 82727 182 45 100 1
n 82818 45 69 100 0
n 82909 45 66 100 0
n 82909 91 42 100 1
n 82909 91 42 100 1
n 82909 91 49 100 3
n 83000 45 66 100 0
n 83091 45 66 100 0
n 83091 91 42 100 1
n 83091 91 42 100 1
n 83091 91 36 100 3
n 83182 45 66 100 0
n 83273 45 73 100 0
n 83273 91 49 100 3
n 83273 91 38 100 3
n 83273 182 49 100 1
n 83364 45 73 100 0
n 83454 45 66 100 0
n 83454 91 42 100 1
n 83454 91 42 100 1
n 83545 45 66 100 0
n 83545 91 36 100 3
n 83636 45 74 100 0
n 83636 91 49 100 3
n 83636 91 36 100 3
n 83636 182 50 100 1
n 83727 45 74 100 0
n 83818 45 66 100 0
n 83818 91 36 100 3
n 83818 182 42 100 1
n 83818 182 42 100 1
n 83909 45 66 100 0
n 84000 45 73 100 0
n 84000 91 49 100 3
n 84000 91 38 100 3
n 84000 182 49 100 1
n 84091 45 73 100 0
n 84182 45 71 100 0
n 84182 91 36 100 3
n 84182 182 47 100 1
n 84182 182 47 100 1
n 84273 45 71 100 0
n 84273 91 38 100 3
n 84364 45 64 100 0
n 84364 91 40 100 1
n 84364 91 40 100 1
n 84364 91 36 100 3
n 84454 45 64 100 0
n 84545 45 64 100 0
n 84545 91 36 100 3
n 84545 182 40 100 1
n 84545 182 40 100 1
n 84636 45 64 100 0
n 84727 45 73 100 0
n 84727 91 49 100 3
n 84727 91 38 100 3
n 84727 182 49 100 1
n 84818 45 73 100 0
n 84909 45 64 100 0
n 84909 91 40 100 1
n 84909 91 40 100 1
n 84909 91 36 100 3
n 85000 45 64 100 0
n 85000 91 36 100 3
n 85091 45 74 100 0
n 85091 91 49 100 3
n 85091 91 36 100 3
n 85091 182 50 100 1
n 85182 45 74 100 0
n 85273 45 73 100 0
n 85273 91 36 100 3
n 85273 182 49 100 1
n 85273 182 49 100 1
n 85364 45 73 100 0
n 85454 45 64 100 0
n 85454 91 49 100 3
n 85545 45 64 100 0
n 85636 45 71 100 0
n 85636 91 36 100 3
n 85636 182 47 100 1
n 85636 182 47 100 1
n 85727 45 71 100 0
n 85818 45 62 100 0
n 85818 91 38 100 1
n 85818 91 38 100 1
n 85818 91 49 100 3
n 85909 45 62 100 0
n 86000 45 62 100 0
n 86000 91 38 100 1
n 86000 91 38 100 1
n 86000 91 36 100 3
n 86091 45 62 100 0
n 86182 45 76 100 0
n 86182 91 49 100 3
n 86182 91 38 100 3
n 86182 182 52 100 1
n 86273 45 76 100 0
n 86364 45 62 100 0
n 86364 91 38 100 1
n 86364 91 38 100 1
n 86364 91 36 100 3
n 86454 45 62 100 0
n 86545 45 74 100 0
n 86545 91 49 100 3
n 86545 91 36 100 3
n 86545 182 50 100 1
n 86636 45 74 100 0
n 86727 45 62 100 0
n 86727 91 36 100 3
n 86727 182 38 100 1
n 86727 182 38 100 1
n 86818 45 62 100 0
n 86909 45 73 100 0
n 86909 91 49 100 3
n 86909 91 38 100 3
n 86909 182 49 100 1
n 87000 45 73 100 0
n 87091 45 71 100 0
n 87091 91 36 100 3
n 87091 182 47 100 1
n 87091 182 47 100 1
n 87182 45 71 100 0
n 87273 45 66 100 0
n 87273 91 42 100 1
n 87273 91 42 100 1
n 87273 91 57 100 3
n 87364 45 66 100 0
n 87454 45 66 100 0
n 87454 91 36 100 3
n 87454 182 42 100 1
n 87454 182 42 100 1
n 87545 45 66 100 0
n 87636 45 69 100 0
n 87636 91 49 100 3
n 87636 91 38 100 3
n 87636 182 45 100 1
n 87727 45 69 100 0
n 87818 45 66 100 0
n 87818 91 42 100 1
n 87818 91 42 100 1
n 87818 91 36 100 3
n 87909 45 66 100 0
n 87909 91 36 100 3
n 88000 45 71 100 0
n 88000 91 49 100 3
n 88000 91 36 100 3
n 88000 182 47 100 1
n 88091 45 71 100 0
n 88182 45 73 100 0
n 88182 91 36 100 3
n 88182 182 49 100 1
n 88182 182 49 100 1
n 88273 45 73 100 0
n 88364 45 66 100 0
n 88364 91 42 100 1
n 88364 91 42 100 1
n 88364 91 49 100 3
n 88454 45 66 100 0
n 88545 45 69 100 0
n 88545 91 36 100 3
n 88545 182 45 100 1
n 88545 182 45 100 1
n 88636 45 69 100 0
n 88727 45 66 100 0
n 88727 91 42 100 1
n 88727 91 42 100 1
n 88727 91 49 100 3
n 88818 45 66 100 0
n 88909 45 66 100 0
n 88909 91 42 100 1
n 88909 91 42 100 1
n 88909 91 36 100 3
n 89000 45 66 100 0
n 89091 45 73 100 0
n 89091 91 49 100 3
n 89091 91 38 100 3
n 89091 182 49 100 1
n 89182 45 73 100 0
n 89273 45 66 100 0
n 89273 91 42 100 1
n 89273 91 42 100 1
n 89273 91 36 100 3
n 89364 45 66 100 0
n 89364 91 36 100 3
n 89454 45 74 100 0
n 89454 91 49 100 3
n 89454 91 36 100 3
n 89545 45 74 100 0
n 89636 45 66 100 0
n 89636 91 36 100 3
n 89636 182 42 100 1
n 89636 182 42 100 1
n 89727 45 66 100 0
n 89818 45 73 100 0
n 89818 91 49 100 3
n 89818 91 38 100 3
n 89818 182 49 100 1
n 89909 45 73 100 0
n 90000 45 71 100 0
n 90000 91 36 100 3
n 90000 182 47 100 1
n 90000 182 47 100 1
n 90091 45 71 100 0
n 90091 91 38 100 3
n 90182 45 64 100 0
n 90182 91 40 100 1
n 90182 91 40 100 1
n 90182 91 36 100 3
n 90273 45 64 100 0
n 90364 45 64 100 0
n 90364 91 36 100 3
n 90364 182 40 100 1
n 90364 182 40 100 1
n 90454 45 64 100 0
n 90545 45 73 100 0
n 90545 91 49 100 3
n 90636 45 73 100 0
n 90727 45 64 100 0
n 90727 91 40 100 1
n 90727 91 40 100 1
n 90727 91 36 100 3
n 90818 45 64 100 0
n 90818 91 36 100 3
n 90909 45 74 100 0
n 90909 91 49 100 3
n 90909 91 36 100 3
n 90909 182 50 100 1
n 91000 45 74 100 0
n 91091 45 73 100 0
n 91091 91 36 100 3
n 91091 182 49 100 1
n 91091 182 49 100 1
n 91182 45 73 100 0
n 91273 45 64 100 0
n 91273 91 49 100 3
n 91273 91 38 100 3
n 91273 182 40 100 1
n 91364 45 64 100 0
n 91454 45 71 100 0
n 91454 91 36 100 3
n 91454 182 47 100 1
n 91545 45 71 100 0
n 91636 45 62 100 0
n 91636 91 38 100 1
n 91636 91 38 100 1
n 91636 91 49 100 3
n 91727 45 62 100 0
n 91818 45 62 100 0
n 91818 91 38 100 1
n 91818 91 38 100 1
n 91818 91 36 100 3
n 91909 45 62 100 0
n 92000 45 76 100 0
n 92000 91 49 100 3
n 92000 91 38 100 3
n 92000 182 52 100 1
n 92091 45 76 100 0
n 92182 45 62 100 0
n 92182 91 38 100 1
n 92182 91 38 100 1
n 92182 91 36 100 3
n 92273 45 62 100 0
n 92273 91 36 100 3
n 92364 45 74 100 0
n 92364 91 49 100 3
n 92364 91 36 100 3
n 92364 182 50 100 1
n 92454 45 74 100 0
n 92545 45 62 100 0
n 92545 91 36 100 3
n 92545 182 38 100 1
n 92636 45 62 100 0
n 92727 45 73 100 0
n 92727 91 49 100 3
n 92727 91 38 100 3
n 92727 182 49 100 1
n 92818 45 73 100 0
n 92909 45 71 100 0
n 92909 91 36 100 3
n 92909 182 47 100 1
n 92909 182 47 100 1
n 93000 45 71 100 0
n 93091 45 66 100 0
n 93091 91 42 100 1
n 93091 91 42 100 1
n 93091 91 57 100 3
n 93182 45 66 100 0
n 93182 91 54 100 0
n 93273 45 66 100 0
n 93273 91 36 100 3
n 93273 91 61 100 0
n 93273 182 42 100 1
n 93364 45 66 100 0
n 93364 91 61 100 0
n 93454 45 69 100 0
n 93454 91 49 100 3
n 93545 45 69 100 0
n 93545 91 62 100 0
n 93636 45 66 100 0
n 93636 91 42 100 1
n 93636 91 42 100 1
n 93636 91 36 100 3
n 93727 45 66 100 0
n 93727 91 36 100 3
n 93727 91 61 100 0
n 93818 45 71 100 0
n 93818 91 49 100 3
n 93818 91 36 100 3
n 93818 91 54 100 0
n 93909 45 71 100 0
n 93909 91 54 100 0
n 94000 45 73 100 0
n 94000 91 36 100 3
n 94000 91 61 100 0
n 94000 182 49 100 1
n 94091 45 73 100 0
n 94091 91 61 100 0
n 94182 45 66 100 0
n 94182 91 42 100 1
n 94182 91 42 100 1
n 94182 91 49 100 3
n 94273 45 66 100 0
n 94273 91 62 100 0
n 94364 45 69 100 0
n 94364 91 36 100 3
n 94364 91 61 100 0
n 94364 182 45 100 1
n 94454 45 69 100 0
n 94545 45 66 100 0
n 94545 91 42 100 1
n 94545 91 42 100 1
n 94636 45 66 100 0
n 94636 91 54 100 0
n 94727 45 66 100 0
n 94727 91 42 100 1
n 94727 91 42 100 1
n 94727 91 36 100 3
n 94818 45 66 100 0
n 94818 91 64 100 0
n 94909 45 73 100 0
n 94909 91 49 100 3
n 94909 91 38 100 3
n 94909 91 62 100 0
n 95000 45 73 100 0
n 95000 91 62 100 0
n 95091 45 66 100 0
n 95091 91 42 100 1
n 95091 91 42 100 1
n 95091 91 36 100 3
n 95182 45 66 100 0
n 95182 91 36 100 3
n 95182 91 61 100 0
n 95273 45 74 100 0
n 95273 91 49 100 3
n 95273 91 36 100 3
n 95273 91 54 100 0
n 95364 45 74 100 0
n 95364 91 54 100 0
n 95454 45 66 100 0
n 95454 91 36 100 3
n 95454 91 64 100 0
n 95545 45 66 100 0
n 95545 91 64 100 0
n 95636 45 73 100 0
n 95636 91 49 100 3
n 95636 91 38 100 3
n 95636 91 62 100 0
n 95727 45 73 100 0
n 95727 91 62 100 0
n 95818 45 71 100 0
n 95818 91 36 100 3
n 95818 91 61 100 0
n 95818 182 47 100 1
n 95909 45 71 100 0
n 95909 91 38 100 3
n 95909 91 61 100 0
n 96000 45 64 100 0
n 96000 91 40 100 1
n 96000 91 40 100 1
n 96000 91 36 100 3
n 96091 45 64 100 0
n 96091 91 52 100 0
n 96182 45 64 100 0
n 96182 91 36 100 3
n 96182 91 59 100 0
n 96182 182 40 100 1
n 96273 45 64 100 0
n 96273 91 59 100 0
n 96364 45 73 100 0
n 96364 91 49 100 3
n 96364 91 38 100 3
n 96364 91 61 100 0
n 96454 45 73 100 0
n 96545 45 64 100 0
n 96545 91 40 100 1
n 96545 91 40 100 1
n 96545 91 36 100 3
n 96636 45 64 100 0
n 96636 91 36 100 3
n 96636 91 59 100 0
n 96727 45 74 100 0
n 96727 91 49 100 3
n 96727 91 36 100 3
n 96727 91 52 100 0
n 96818 45 74 100 0
n 96818 91 52 100 0
n 96909 45 73 100 0
n 96909 91 36 100 3
n 96909 91 59 100 0
n 96909 182 49 100 1
n 97000 45 73 100 0
n 97000 91 59 100 0
n 97091 45 64 100 0
n 97091 91 49 100 3
n 97091 91 38 100 3
n 97091 91 61 100 0
n 97182 45 64 100 0
n 97182 91 61 100 0
n 97273 45 71 100 0
n 97273 91 36 100 3
n 97273 91 59 100 0
n 97273 182 47 100 1
n 97364 45 71 100 0
n 97364 91 59 100 0
n 97454 45 62 100 0
n 97454 91 38 100 1
n 97545 45 62 100 0
n 97545 91 50 100 0
n 97636 45 62 100 0
n 97636 91 38 100 1
n 97636 91 38 100 1
n 97636 91 36 100 3
n 97727 45 62 100 0
n 97727 91 62 100 0
n 97818 45 76 100 0
n 97818 91 49 100 3
n 97818 91 38 100 3
n 97818 91 64 100 0
n 97909 45 76 100 0
n 97909 91 64 100 0
n 98000 45 62 100 0
n 98000 91 38 100 1
n 98000 91 38 100 1
n 98000 91 36 100 3
n 98091 45 62 100 0
n 98091 91 36 100 3
n 98091 91 61 100 0
n 98182 45 74 100 0
n 98182 91 49 100 3
n 98182 91 36 100 3
n 98182 91 50 100 0
n 98273 45 74 100 0
n 98273 91 50 100 0
n 98364 45 62 100 0
n 98364 91 36 100 3
n 98364 91 61 100 0
n 98364 182 38 100 1
n 98454 45 62 100 0
n 98545 45 73 100 0
n 98545 91 49 100 3
n 98545 91 38 100 3
n 98636 45 73 100 0
n 98636 91 57 100 0
n 98727 45 71 100 0
n 98727 91 36 100 3
n 98727 91 56 100 0
n 98727 182 47 100 1
n 98818 45 71 100 0
n 98818 91 56 100 0
n 98909 45 66 100 0
n 98909 91 42 100 1
n 98909 91 42 100 1
n 98909 91 57 100 3
n 99000 45 66 100 0
n 99000 91 54 100 0
n 99091 45 66 100 0
n 99091 91 36 100 3
n 99091 91 61 100 0
n 99091 182 42 100 1
n 99182 45 66 100 0
n 99182 91 61 100 0
n 99273 45 69 100 0
n 99273 91 49 100 3
n 99273 91 38 100 3
n 99273 91 62 100 0
n 99364 45 69 100 0
n 99364 91 62 100 0
n 99454 45 66 100 0
n 99454 91 42 100 1
n 99454 91 42 100 1
n 99545 45 66 100 0
n 99545 91 36 100 3
n 99545 91 61 100 0
n 99636 45 71 100 0
n 99636 91 49 100 3
n 99636 91 36 100 3
n 99636 91 54 100 0
n 99727 45 71 100 0
n 99727 91 54 100 0
n 99818 45 73 100 0
n 99818 91 36 100 3
n 99818 91 61 100 0
n 99818 182 49 100 1
n 99909 45 73 100 0
n 99909 91 61 100 0
n 100000 45 66 100 0
n 100000 91 42 100 1
n 100000 91 42 100 1
n 100000 91 49 100 3
n 100091 45 66 100 0
n 100091 91 62 100 0
n 100182 45 69 100 0
n 100182 91 36 100 3
n 100182 91 61 100 0
n 100182 182 45 100 1
n 100273 45 69 100 0
n 100273 91 61 100 0
n 100364 45 66 100 0
n 100364 91 42 100 1
n 100364 91 42 100 1
n 100364 91 49 100 3
n 100454 45 66 100 0
n 100545 45 66 100 0
n 100545 91 42 100 1
n 100545 91 42 100 1
n 100545 91 36 100 3
n 100636 45 66 100 0
n 100636 91 64 100 0
n 100727 45 73 100 0
n 100727 91 49 100 3
n 100727 91 38 100 3
n 100727 91 62 100 0
n 100818 45 73 100 0
n 100818 91 62 100 0
n 100909 45 66 100 0
n 100909 91 42 100 1
n 100909 91 42 100 1
n 100909 91 36 100 3
n 101000 45 66 100 0
n 101000 91 36 100 3
n 101000 91 61 100 0
n 101091 45 74 100 0
n 101091 91 49 100 3
n 101091 91 36 100 3
n 101091 91 54 100 0
n 101182 45 74 100 0
n 101182 91 54 100 0
n 101273 45 66 100 0
n 101273 91 36 100 3
n 101273 91 64 100 0
n 101273 182 42 100 1
n 101364 45 66 100 0
n 101364 91 64 100 0
n 101454 45 73 100 0
n 101454 91 49 100 3
n 101545 45 73 100 0
n 101545 91 62 100 0
n 101636 45 71 100 0
n 101636 91 36 100 3
n 101636 91 61 100 0
n 101636 182 47 100 1
n 101727 45 71 100 0
n 101727 91 38 100 3
n 101727 91 61 100 0
n 101818 45 64 100 0
n 101818 91 40 100 1
n 101818 91 40 100 1
n 101818 91 36 100 3
n 101909 45 64 100 0
n 101909 91 52 100 0
n 102000 45 64 100 0
n 102000 91 36 100 3
n 102000 91 59 100 0
n 102000 182 40 100 1
n 102091 45 64 100 0
n 102091 91 59 100 0
n 102182 45 73 100 0
n 102182 91 49 100 3
n 102182 91 38 100 3
n 102182 91 61 100 0
n 102273 45 73 100 0
n 102273 91 61 100 0
n 102364 45 64 100 0
n 102364 91 40 100 1
n 102364 91 40 100 1
n 102364 91 36 100 3
n 102454 45 64 100 0
n 102545 45 74 100 0
n 102545 91 49 100 3
n 102545 91 36 100 3
n 102545 91 52 100 0
n 102636 45 74 100 0
n 102636 91 52 100 0
n 102727 45 73 100 0
n 102727 91 36 100 3
n 102727 91 59 100 0
n 102727 182 49 100 1
n 102818 45 73 100 0
n 102818 91 59 100 0
n 102909 45 64 100 0
n 102909 91 49 100 3
n 102909 91 38 100 3
n 102909 91 61 100 0
n 103000 45 64 100 0
n 103000 91 61 100 0
n 103091 45 71 100 0
n 103091 91 36 100 3
n 103091 91 59 100 0
n 103091 182 47 100 1
n 103182 45 71 100 0
n 103182 91 59 100 0
n 103273 45 62 100 0
n 103273 91 38 100 1
n 103273 91 38 100 1
n 103273 91 49 100 3
n 103364 45 62 100 0
n 103364 91 50 100 0
n 103454 45 62 100 0
n 103454 91 38 100 1
n 103454 91 38 100 1
n 103545 45 62 100 0
n 103545 91 62 100 0
n 103636 45 76 100 0
n 103636 91 49 100 3
n 103636 91 38 100 3
n 103636 91 64 100 0
n 103727 45 76 100 0
n 103727 91 64 100 0
n 103818 45 62 100 0
n 103818 91 38 100 1
n 103818 91 38 100 1
n 103818 91 36 100 3
n 103909 45 62 100 0
n 103909 91 36 100 3
n 103909 91 61 100 0
n 104000 45 74 100 0
n 104000 91 49 100 3
n 104000 91 36 100 3
n 104000 91 50 100 0
n 104091 45 74 100 0
n 104091 91 50 100 0
n 104182 45 62 100 0
n 104182 91 36 100 3
n 104182 91 61 100 0
n 104182 182 38 100 1
n 104273 45 62 100 0
n 104273 91 61 100 0
n 104364 45 73 100 0
n 104364 91 52 100 3
n 104364 91 38 100 3
n 104364 91 57 100 0
n 104454 45 73 100 0
n 104545 45 71 100 0
n 104545 91 38 100 3
n 104545 91 56 100 0
n 104545 182 47 100 1
n 104636 45 71 100 0
n 104636 91 38 100 3
n 104636 91 56 100 0
n 104727 91 36 100 3
n 104727 91 49 100 3
n 104727 182 66 100 0
n 104727 364 49 100 1
n 105000 91 36 100 3
n 105091 91 49 100 3
n 105091 182 49 100 1
n 105091 182 42 100 1
n 105091 182 49 100 1
n 105273 91 36 100 3
n 105273 182 49 100 1
n 105273 182 42 100 1
n 105273 182 49 100 1
n 105454 91 38 100 3
n 105636 182 71 100 0
n 105818 91 49 100 3
n 105818 182 49 100 1
n 105818 182 42 100 1
n 105818 182 49 100 1
n 106000 182 49 100 1
n 106000 182 42 100 1
n 106000 182 49 100 1
n 106000 182 42 100 1
n 106182 91 36 100 3
n 106182 91 49 100 3
n 106182 182 73 100 0
n 106182 364 49 100 1
n 106545 91 36 100 3
n 106545 91 49 100 3
n 106545 182 49 100 1
n 106727 91 36 100 3
n 106727 182 49 100 1
n 106727 182 42 100 1
n 106727 182 49 100 1
n 106909 91 38 100 3
n 106909 91 49 100 3
n 106909 364 49 100 1
n 106909 364 42 100 1
n 107091 45 36 100 3
n 107091 182 69 100 0
n 107136 45 36 100 3
n 107273 91 38 100 3
n 107273 91 49 100 3
n 107273 182 49 100 1
n 107273 182 42 100 1
n 107454 182 49 100 1
n 107454 182 42 100 1
n 107636 91 36 100 3
n 107636 91 49 100 3
n 107636 182 64 100 0
n 107636 364 40 100 1
n 107909 91 36 100 3
n 108000 91 49 100 3
n 108000 182 40 100 1
n 108000 182 47 100 1
n 108000 182 40 100 1
n 108182 91 36 100 3
n 108182 182 40 100 1
n 108182 182 47 100 1
n 108182 182 40 100 1
n 108364 91 38 100 3
n 108364 91 49 100 3
n 108364 364 40 100 1
n 108364 364 47 100 1
n 108545 182 73 100 0
n 108727 91 49 100 3
n 108727 182 40 100 1
n 108909 182 40 100 1
n 108909 182 47 100 1
n 108909 182 40 100 1
n 108909 182 47 100 1
n 109091 91 36 100 3
n 109091 91 49 100 3
n 109091 182 62 100 0
n 109091 364 47 100 1
n 109454 91 36 100 3
n 109454 91 49 100 3
n 109454 182 47 100 1
n 109636 91 36 100 3
n 109636 182 47 100 1
n 109636 182 38 100 1
n 109636 182 47 100 1
n 109818 91 38 100 3
n 109818 91 49 100 3
n 109818 182 69 100 0
n 109818 364 38 100 1
n 110000 91 36 100 3
n 110000 182 71 100 0
n 110182 45 38 100 3
n 110182 91 49 100 3
n 110182 182 38 100 1
n 110182 182 45 100 1
n 110227 45 38 100 3
n 110364 182 38 100 1
n 110364 182 45 100 1
n 110364 182 38 100 1
n 110364 182 45 100 1
n 110818 91 36 100 3
n 110909 91 49 100 3
n 110909 182 49 100 1
n 110909 182 42 100 1
n 110909 182 49 100 1
n 111091 91 36 100 3
n 111091 182 49 100 1
n 111091 182 42 100 1
n 111091 182 49 100 1
n 111273 91 38 100 3
n 111273 91 49 100 3
n 111273 364 49 100 1
n 111273 364 42 100 1
n 111454 182 71 100 0
n 111636 91 49 100 3
n 111636 182 49 100 1
n 111818 182 49 100 1
n 111818 182 42 100 1
n 111818 182 49 100 1
n 111818 182 42 100 1
n 112000 91 36 100 3
n 112000 91 49 100 3
n 112000 182 73 100 0
n 112000 364 49 100 1
n 112364 91 36 100 3
n 112364 91 49 100 3
n 112364 182 49 100 1
n 112364 182 42 100 1
n 112545 91 36 100 3
n 112545 182 49 100 1
n 112727 91 38 100 3
n 112727 91 49 100 3
n 112727 364 49 100 1
n 112727 364 42 100 1
n 112909 45 36 100 3
n 112909 182 69 100 0
n 112954 45 36 100 3
n 113091 91 38 100 3
n 113091 91 49 100 3
n 113091 182 49 100 1
n 113091 182 42 100 1
n 113273 182 49 100 1
n 113273 182 42 100 1
n 113273 182 49 100 1
n 113273 182 42 100 1
n 113727 91 36 100 3
n 113818 91 49 100 3
n 113818 182 40 100 1
n 113818 182 47 100 1
n 113818 182 40 100 1
n 114000 91 36 100 3
n 114000 182 40 100 1
n 114000 182 47 100 1
n 114000 182 40 100 1
n 114182 91 38 100 3
n 114182 91 49 100 3
n 114182 364 40 100 1
n 114182 364 47 100 1
n 114364 182 73 100 0
n 114545 91 49 100 3
n 114727 182 40 100 1
n 114727 182 47 100 1
n 114727 182 40 100 1
n 114727 182 47 100 1
n 114909 91 36 100 3
n 114909 91 49 100 3
n 114909 182 62 100 0
n 114909 364 47 100 1
n 115273 91 36 100 3
n 115273 91 49 100 3
n 115273 182 47 100 1
n 115273 182 38 100 1
n 115454 91 36 100 3
n 115454 182 47 100 1
n 115636 91 38 100 3
n 115636 91 49 100 3
n 115636 182 69 100 0
n 115636 364 38 100 1
n 115818 91 36 100 3
n 115818 182 71 100 0
n 116000 45 38 100 3
n 116000 91 49 100 3
n 116000 182 38 100 1
n 116000 182 45 100 1
n 116045 45 38 100 3
n 116182 182 38 100 1
n 116182 182 45 100 1
n 116182 182 38 100 1
n 116182 182 45 100 1
n 116364 91 36 100 3
n 116364 91 49 100 3
n 116364 182 66 100 0
n 116364 182 66 100 0
n 116636 91 36 100 3
n 116727 91 49 100 3
n 116727 182 49 100 1
n 116727 182 42 100 1
n 116727 182 42 100 1
n 116909 91 36 100 3
n 116909 182 49 100 1
n 116909 182 42 100 1
n 116909 182 49 100 1
n 117091 91 38 100 3
n 117091 91 49 100 3
n 117091 364 49 100 1
n 117091 364 42 100 1
n 117273 182 71 100 0
n 117273 182 71 100 0
n 117636 182 49 100 1
n 117636 182 42 100 1
n 117636 182 49 100 1
n 117636 182 42 100 1
n 117818 91 36 100 3
n 117818 91 49 100 3
n 117818 182 73 100 0
n 117818 182 73 100 0
n 118182 91 36 100 3
n 118182 91 49 100 3
n 118182 182 42 100 1
n 118182 182 49 100 1
n 118364 91 36 100 3
n 118364 182 49 100 1
n 118364 182 42 100 1
n 118364 182 49 100 1
n 118545 91 38 100 3
n 118727 45 36 100 3
n 118727 182 69 100 0
n 118727 182 69 100 0
n 118773 45 36 100 3
n 118909 91 38 100 3
n 118909 91 49 100 3
n 118909 182 49 100 1
n 118909 182 42 100 1
n 119091 182 49 100 1
n 119091 182 42 100 1
n 119091 182 49 100 1
n 119091 182 42 100 1
n 119273 91 36 100 3
n 119273 91 49 100 3
n 119273 182 64 100 0
n 119273 182 64 100 0
n 119545 91 36 100 3
n 119636 91 49 100 3
n 119636 182 40 100 1
n 119636 182 47 100 1
n 119636 182 47 100 1
n 119818 91 36 100 3
n 119818 182 40 100 1
n 119818 182 47 100 1
n 119818 182 40 100 1
n 120000 91 38 100 3
n 120000 91 49 100 3
n 120000 364 40 100 1
n 120000 364 47 100 1
n 120182 182 73 100 0
n 120182 182 73 100 0
n 120364 91 49 100 3
n 120364 182 40 100 1
n 120364 182 47 100 1
n 120364 182 40 100 1
n 120545 182 40 100 1
n 120727 91 36 100 3
n 120727 91 49 100 3
n 120727 182 62 100 0
n 120727 182 62 100 0
n 121091 91 36 100 3
n 121091 91 49 100 3
n 121091 182 38 100 1
n 121091 182 47 100 1
n 121273 91 36 100 3
n 121273 182 47 100 1
n 121273 182 38 100 1
n 121273 182 47 100 1
n 121454 91 38 100 3
n 121636 91 36 100 3
n 121636 182 71 100 0
n 121636 182 71 100 0
n 121818 45 38 100 3
n 121818 91 49 100 3
n 121818 182 38 100 1
n 121818 182 45 100 1
n 121864 45 38 100 3
n 122000 182 38 100 1
n 122000 182 45 100 1
n 122000 182 38 100 1
n 122000 182 45 100 1
n 122182 91 36 100 3
n 122182 91 49 100 3
n 122182 182 66 100 0
n 122182 182 66 100 0
n 122454 91 36 100 3
n 122545 91 49 100 3
n 122545 182 49 100 1
n 122545 182 42 100 1
n 122545 182 42 100 1
n 122727 91 36 100 3
n 122727 182 49 100 1
n 122727 182 42 100 1
n 122727 182 49 100 1
n 122909 91 38 100 3
n 122909 91 49 100 3
n 122909 364 49 100 1
n 122909 364 42 100 1
n 123091 182 71 100 0
n 123091 182 71 100 0
n 123273 91 49 100 3
n 123273 182 49 100 1
n 123273 182 42 100 1
n 123273 182 49 100 1
n 123454 182 49 100 1
n 123636 91 36 100 3
n 123636 91 49 100 3
n 123636 182 73 100 0
n 123636 182 73 100 0
n 124000 91 36 100 3
n 124000 91 49 100 3
n 124000 182 42 100 1
n 124000 182 49 100 1
n 124182 91 36 100 3
n 124182 182 49 100 1
n 124182 182 42 100 1
n 124182 182 49 100 1
n 124364 91 38 100 3
n 124364 91 49 100 3
n 124364 364 49 100 1
n 124364 364 42 100 1
n 124545 45 36 100 3
n 124545 182 69 100 0
n 124591 45 36 100 3
n 124727 91 38 100 3
n 124727 91 49 100 3
n 124909 182 49 100 1
n 124909 182 42 100 1
n 124909 182 49 100 1
n 124909 182 42 100 1
n 125091 91 36 100 3
n 125091 91 49 100 3
n 125091 182 64 100 0
n 125091 182 64 100 0
n 125364 91 36 100 3
n 125454 91 49 100 3
n 125454 182 40 100 1
n 125454 182 47 100 1
n 125636 91 36 100 3
n 125636 182 40 100 1
n 125636 182 47 100 1
n 125636 182 40 100 1
n 125818 91 38 100 3
n 125818 91 49 100 3
n 125818 364 40 100 1
n 125818 364 47 100 1
n 126000 182 73 100 0
n 126000 182 73 100 0
n 126182 91 49 100 3
n 126182 182 40 100 1
n 126182 182 47 100 1
n 126182 182 40 100 1
n 126364 182 40 100 1
n 126364 182 47 100 1
n 126364 182 40 100 1
n 126364 182 47 100 1
n 126909 91 36 100 3
n 126909 91 49 100 3
n 126909 182 38 100 1
n 126909 182 47 100 1
n 127091 91 36 100 3
n 127091 182 47 100 1
n 127091 182 38 100 1
n 127091 182 47 100 1
n 127273 91 38 100 3
n 127273 91 49 100 3
n 127273 182 69 100 0
n 127273 182 69 100 0
n 127454 91 36 100 3
n 127454 182 71 100 0
n 127636 91 38 100 3
n 127636 91 52 100 3
n 127636 182 38 100 1
n 127636 182 45 100 1
n 127727 91 38 100 3
n 127818 91 38 100 3
n 127818 182 38 100 1
n 127818 182 45 100 1
n 127818 182 38 100 1
n 127909 91 38 100 3
n 128000 91 36 100 3
n 128000 91 49 100 3
n 128000 364 30 100 1
n 128000 727 66 100 1
n 128182 91 36 100 3
n 128364 91 46 100 3
n 128364 91 38 100 3
n 128364 182 30 100 1
n 128545 91 36 100 3
n 128545 91 30 100 1
n 128636 91 36 100 3
n 128636 91 30 100 1
n 128727 91 36 100 3
n 128727 91 46 100 3
n 128727 182 30 100 1
n 128727 727 69 100 1
n 128909 91 36 100 3
n 128909 91 30 100 1
n 129000 91 30 100 1
n 129091 91 46 100 3
n 129091 91 38 100 3
n 129091 182 30 100 1
n 129273 91 36 100 3
n 129273 91 30 100 1
n 129364 91 30 100 1
n 129454 91 46 100 3
n 129454 91 36 100 3
n 129454 364 30 100 1
n 129636 91 36 100 3
n 129818 91 46 100 3
n 129818 91 38 100 3
n 129818 182 30 100 1
n 130000 91 36 100 3
n 130000 91 30 100 1
n 130091 91 36 100 3
n 130091 91 30 100 1
n 130182 91 36 100 3
n 130182 91 46 100 3
n 130182 182 30 100 1
n 130182 727 69 100 1
n 130364 91 36 100 3
n 130364 91 30 100 1
n 130454 91 30 100 1
n 130545 91 46 100 3
n 130545 91 38 100 3
n 130545 182 30 100 1
n 130727 91 36 100 3
n 130727 91 30 100 1
n 130818 91 38 100 3
n 130818 91 30 100 1
n 130909 91 36 100 3
n 130909 91 46 100 3
n 130909 364 30 100 1
n 130909 1091 73 100 1
n 131091 91 36 100 3
n 131273 91 46 100 3
n 131273 91 38 100 3
n 131273 182 30 100 1
n 131454 91 36 100 3
n 131454 91 30 100 1
n 131545 91 36 100 3
n 131545 91 30 100 1
n 131636 91 36 100 3
n 131636 91 46 100 3
n 131636 182 30 100 1
n 131818 91 36 100 3
n 131818 91 30 100 1
n 131909 91 30 100 1
n 132000 91 46 100 3
n 132000 91 38 100 3
n 132000 182 71 100 1
n 132000 182 30 100 1
n 132182 91 36 100 3
n 132182 91 30 100 1
n 132182 182 69 100 1
n 132273 91 30 100 1
n 132364 91 46 100 3
n 132364 91 36 100 3
n 132364 364 30 100 1
n 132364 727 71 100 1
n 132545 91 36 100 3
n 132727 91 46 100 3
n 132727 91 38 100 3
n 132909 91 36 100 3
n 132909 91 30 100 1
n 133000 91 36 100 3
n 133000 91 30 100 1
n 133091 91 36 100 3
n 133091 91 46 100 3
n 133091 182 30 100 1
n 133091 727 68 100 1
n 133273 91 36 100 3
n 133273 91 30 100 1
n 133364 91 30 100 1
n 133454 91 46 100 3
n 133454 91 38 100 3
n 133636 91 36 100 3
n 133636 91 30 100 1
n 133727 91 30 100 1
n 133818 91 49 100 3
n 133818 91 36 100 3
n 133818 364 28 100 1
n 133818 1455 69 100 1
n 134000 91 36 100 3
n 134182 91 46 100 3
n 134182 91 38 100 3
n 134182 182 28 100 1
n 134364 91 36 100 3
n 134364 91 28 100 1
n 134454 91 36 100 3
n 134545 91 36 100 3
n 134545 91 46 100 3
n 134545 182 28 100 1
n 134727 91 36 100 3
n 134727 91 28 100 1
n 134818 91 28 100 1
n 134909 91 46 100 3
n 134909 91 38 100 3
n 134909 182 28 100 1
n 135091 91 36 100 3
n 135091 91 28 100 1
n 135182 91 28 100 1
n 135273 91 46 100 3
n 135273 91 36 100 3
n 135273 364 28 100 1
n 135273 1455 71 100 1
n 135454 91 36 100 3
n 135636 91 46 100 3
n 135636 91 38 100 3
n 135818 91 36 100 3
n 135818 91 28 100 1
n 135909 91 36 100 3
n 135909 91 28 100 1
n 136000 91 36 100 3
n 136000 91 46 100 3
n 136000 182 28 100 1
n 136182 91 36 100 3
n 136182 91 28 100 1
n 136273 91 28 100 1
n 136364 91 46 100 3
n 136364 91 38 100 3
n 136364 182 28 100 1
n 136545 91 36 100 3
n 136545 91 28 100 1
n 136636 91 38 100 3
n 136636 91 28 100 1
n 136727 91 36 100 3
n 136727 91 46 100 3
n 136727 364 28 100 1
n 136909 91 36 100 3
n 137091 91 46 100 3
n 137091 91 38 100 3
n 137091 182 28 100 1
n 137273 91 36 100 3
n 137273 91 28 100 1
n 137363 91 36 100 3
n 137363 91 28 100 1
n 137454 91 36 100 3
n 137454 91 46 100 3
n 137454 182 28 100 1
n 137636 91 36 100 3
n 137636 91 28 100 1
n 137727 91 28 100 1
n 137818 91 46 100 3
n 137818 91 38 100 3
n 137818 182 28 100 1
n 138000 91 36 100 3
n 138000 91 28 100 1
n 138091 91 28 100 1
n 138182 91 46 100 3
n 138182 91 36 100 3
n 138182 364 28 100 1
n 138182 1455 68 100 1
n 138363 91 36 100 3
n 138545 91 46 100 3
n 138545 91 38 100 3
n 138727 91 36 100 3
n 138727 91 28 100 1
n 138818 91 36 100 3
n 138818 91 28 100 1
n 138909 91 36 100 3
n 138909 91 46 100 3
n 138909 182 28 100 1
n 139091 91 36 100 3
n 139091 91 28 100 1
n 139182 91 28 100 1
n 139273 91 46 100 3
n 139273 91 38 100 3
n 139273 182 28 100 1
n 139454 91 36 100 3
n 139454 91 28 100 1
n 139545 91 28 100 1
n 139636 91 49 100 3
n 139636 91 36 100 3
n 139636 364 73 100 1
n 139818 91 36 100 3
n 140000 91 46 100 3
n 140000 91 38 100 3
n 140000 182 73 100 1
n 140000 182 26 100 1
n 140182 91 36 100 3
n 140182 91 26 100 1
n 140182 182 71 100 1
n 140273 91 36 100 3
n 140273 91 26 100 1
n 140363 91 36 100 3
n 140545 91 36 100 3
n 140545 91 26 100 1
n 140636 91 26 100 1
n 140727 91 46 100 3
n 140727 91 38 100 3
n 140727 182 73 100 1
n 140727 182 26 100 1
n 140909 91 36 100 3
n 140909 91 26 100 1
n 140909 182 71 100 1
n 141000 91 26 100 1
n 141091 91 46 100 3
n 141091 91 36 100 3
n 141091 182 74 100 1
n 141091 364 26 100 1
n 141273 91 36 100 3
n 141273 182 76 100 1
n 141454 91 46 100 3
n 141454 91 38 100 3
n 141636 91 36 100 3
n 141636 91 26 100 1
n 141636 182 73 100 1
n 141727 91 36 100 3
n 141727 91 26 100 1
n 141818 91 36 100 3
n 141818 91 46 100 3
n 141818 182 78 100 1
n 141818 182 26 100 1
n 142000 91 36 100 3
n 142000 91 26 100 1
n 142000 182 81 100 1
n 142091 91 26 100 1
n 142182 91 46 100 3
n 142182 91 38 100 3
n 142182 182 80 100 1
n 142182 182 26 100 1
n 142363 91 36 100 3
n 142363 91 26 100 1
n 142454 91 38 100 3
n 142454 91 26 100 1
n 142545 91 36 100 3
n 142545 91 46 100 3
n 142545 364 78 100 1
n 142545 364 26 100 1
n 142727 91 36 100 3
n 142909 91 46 100 3
n 142909 91 38 100 3
n 142909 182 26 100 1
n 142909 364 81 100 1
n 143091 91 36 100 3
n 143091 91 26 100 1
n 143182 91 36 100 3
n 143182 91 26 100 1
n 143273 91 36 100 3
n 143273 91 46 100 3
n 143273 182 26 100 1
n 143273 364 83 100 1
n 143454 91 36 100 3
n 143454 91 26 100 1
n 143545 91 26 100 1
n 143636 91 46 100 3
n 143636 91 38 100 3
n 143636 182 26 100 1
n 143818 91 36 100 3
n 143818 91 26 100 1
n 143909 91 26 100 1
n 144000 91 46 100 3
n 144000 91 36 100 3
n 144000 364 26 100 1
n 144000 727 88 100 1
n 144182 91 36 100 3
n 144363 91 46 100 3
n 144363 91 38 100 3
n 144545 91 36 100 3
n 144545 91 26 100 1
n 144636 91 36 100 3
n 144636 91 26 100 1
n 144727 91 36 100 3
n 144727 91 46 100 3
n 144727 182 26 100 1
n 144727 727 86 100 1
n 144909 91 36 100 3
n 144909 91 26 100 1
n 145000 91 26 100 1
n 145091 91 46 100 3
n 145091 91 38 100 3
n 145091 182 26 100 1
n 145273 91 36 100 3
n 145273 91 26 100 1
n 145363 91 26 100 1
n 145454 91 49 100 3
n 145454 91 36 100 3
n 145454 364 25 100 1
n 145454 1455 85 100 1
n 145636 91 36 100 3
n 145818 91 46 100 3
n 145818 91 38 100 3
n 145818 182 25 100 1
n 146000 91 36 100 3
n 146000 91 25 100 1
n 146091 91 36 100 3
n 146091 91 25 100 1
n 146182 91 36 100 3
n 146182 91 46 100 3
n 146182 182 25 100 1
n 146363 91 36 100 3
n 146363 91 25 100 1
n 146454 91 25 100 1
n 146545 91 46 100 3
n 146545 91 38 100 3
n 146545 182 25 100 1
n 146727 91 36 100 3
n 146727 91 25 100 1
n 146818 91 25 100 1
n 146909 91 46 100 3
n 146909 91 36 100 3
n 146909 364 25 100 1
n 146909 1455 83 100 1
n 147091 91 36 100 3
n 147273 91 46 100 3
n 147273 91 38 100 3
n 147273 182 25 100 1
n 147454 91 36 100 3
n 147454 91 25 100 1
n 147545 91 36 100 3
n 147545 91 25 100 1
n 147636 91 36 100 3
n 147636 91 46 100 3
n 147636 182 25 100 1
n 147818 91 36 100 3
n 147818 91 25 100 1
n 147909 91 25 100 1
n 148000 91 46 100 3
n 148000 91 38 100 3
n 148000 182 25 100 1
n 148182 91 36 100 3
n 148182 91 25 100 1
n 148273 91 38 100 3
n 148273 91 25 100 1
n 148363 91 36 100 3
n 148545 91 36 100 3
n 148727 91 46 100 3
n 148727 91 38 100 3
n 148727 182 25 100 1
n 148909 91 36 100 3
n 148909 91 25 100 1
n 149000 91 36 100 3
n 149000 91 25 100 1
n 149091 91 36 100 3
n 149091 91 46 100 3
n 149091 182 25 100 1
n 149273 91 36 100 3
n 149273 91 25 100 1
n 149363 91 25 100 1
n 149454 91 46 100 3
n 149454 91 38 100 3
n 149454 182 25 100 1
n 149636 91 36 100 3
n 149636 91 25 100 1
n 149727 91 25 100 1
n 149818 91 46 100 3
n 149818 91 36 100 3
n 149818 364 25 100 1
n 149818 727 83 100 1
n 150000 91 36 100 3
n 150182 91 46 100 3
n 150182 91 38 100 3
n 150182 182 25 100 1
n 150363 91 36 100 3
n 150363 91 25 100 1
n 150454 91 36 100 3
n 150454 91 25 100 1
n 150545 91 36 100 3
n 150545 91 46 100 3
n 150545 182 25 100 1
n 150545 727 80 100 1
n 150727 91 36 100 3
n 150727 91 25 100 1
n 150818 91 25 100 1
n 150909 91 46 100 3
n 150909 91 38 100 3
n 150909 182 25 100 1
n 151091 91 36 100 3
n 151091 91 25 100 1
n 151182 91 25 100 1
n 151273 91 36 100 3
n 151273 91 49 100 3
n 151273 5818 42 100 1
n 151273 5818 49 100 1
n 157091 182 54 100 0
n 157091 2909 42 100 0
n 157091 2909 49 100 0
n 157091 2909 42 100 0
n 157273 182 54 100 0
n 157636 182 54 100 0
n 157818 182 59 100 0
n 158000 182 61 100 0
n 158182 182 54 100 0
n 158545 182 54 100 0
n 158727 182 54 100 0
n 158909 182 61 100 0
n 159091 182 54 100 0
n 159273 182 62 100 0
n 159636 182 61 100 0
n 159818 182 59 100 0
n 160000 182 52 100 0
n 160000 1455 40 100 0
n 160000 1455 47 100 0
n 160000 1455 40 100 0
n 160182 182 52 100 0
n 160545 182 52 100 0
n 160727 182 62 100 0
n 160909 182 61 100 0
n 161091 182 52 100 0
n 161273 182 59 100 0
n 161636 182 50 100 0
n 161818 182 64 100 0
n 162000 182 50 100 0
n 162182 182 62 100 0
n 162182 727 38 100 0
n 162182 727 45 100 0
n 162182 727 38 100 0
n 162545 182 61 100 0
n 162727 182 59 100 0
n 162909 182 54 100 0
n 162909 2909 42 100 0
n 162909 2909 49 100 0
n 162909 2909 49 100 0
n 163091 182 54 100 0
n 163273 182 57 100 0
n 163636 182 59 100 0
n 163818 182 61 100 0
n 164000 182 54 100 0
n 164182 182 57 100 0
n 164545 182 54 100 0
n 164727 182 61 100 0
n 164909 182 54 100 0
n 165091 182 62 100 0
n 165273 182 54 100 0
n 165636 182 59 100 0
n 165818 182 52 100 0
n 165818 1455 40 100 0
n 165818 1455 47 100 0
n 165818 1455 40 100 0
n 166000 182 52 100 0
n 166182 182 61 100 0
n 166545 182 62 100 0
n 166727 182 61 100 0
n 166909 182 52 100 0
n 167091 182 59 100 0
n 167273 182 50 100 0
n 167273 727 38 100 0
n 167273 727 47 100 0
n 167273 727 38 100 0
n 167636 182 64 100 0
n 167818 182 50 100 0
n 168000 182 62 100 0
n 168000 727 38 100 0
n 168000 727 45 100 0
n 168000 727 38 100 0
n 168182 182 50 100 0
n 168545 182 59 100 0
n 168727 182 54 100 0
n 168727 2909 42 100 0
n 168727 2909 49 100 0
n 168727 2909 42 100 0
n 168909 182 54 100 0
n 169091 182 57 100 0
n 169273 182 54 100 0
n 169636 182 61 100 0
n 169818 182 54 100 0
n 170000 182 57 100 0
n 170182 182 54 100 0
n 170545 182 61 100 0
n 170727 182 54 100 0
n 170909 182 62 100 0
n 171091 182 54 100 0
n 171273 182 61 100 0
n 171636 182 52 100 0
n 171636 1455 40 100 0
n 171636 1455 47 100 0
n 171636 1455 40 100 0
n 171818 182 52 100 0
n 172000 182 61 100 0
n 172182 182 52 100 0
n 172545 182 61 100 0
n 172727 182 52 100 0
n 172909 182 59 100 0
n 173091 182 50 100 0
n 173091 727 38 100 0
n 173091 727 47 100 0
n 173091 727 38 100 0
n 173273 182 50 100 0
n 173636 182 50 100 0
n 173818 182 62 100 0
n 173818 727 38 100 0
n 173818 727 45 100 0
n 173818 727 38 100 0
n 174000 182 50 100 0
n 174182 182 61 100 0
n 174545 182 42 100 1
n 174545 182 54 100 0
n 174545 2909 42 100 0
n 174545 2909 49 100 0
n 174727 182 42 100 1
n 174727 182 54 100 0
n 174909 182 45 100 1
n 174909 182 57 100 0
n 175091 182 42 100 1
n 175091 182 54 100 0
n 175273 182 47 100 1
n 175273 182 59 100 0
n 175636 182 42 100 1
n 175636 182 54 100 0
n 175818 182 45 100 1
n 175818 182 57 100 0
n 176000 182 42 100 1
n 176000 182 54 100 0
n 176182 182 42 100 1
n 176182 182 54 100 0
n 176545 182 42 100 1
n 176545 182 54 100 0
n 176727 182 50 100 1
n 176727 182 62 100 0
n 176909 182 42 100 1
n 176909 182 54 100 0
n 177091 182 49 100 1
n 177091 182 61 100 0
n 177273 182 47 100 1
n 177273 182 59 100 0
n 177454 182 40 100 1
n 177454 182 52 100 0
n 177636 182 40 100 1
n 177636 182 52 100 0
n 177818 182 49 100 1
n 177818 182 61 100 0
n 178000 182 40 100 1
n 178000 182 52 100 0
n 178182 182 50 100 1
n 178182 182 62 100 0
n 178363 182 49 100 1
n 178363 182 61 100 0
n 178545 182 40 100 1
n 178545 182 52 100 0
n 178727 182 47 100 1
n 178727 182 59 100 0
n 178909 182 38 100 1
n 178909 182 50 100 0
n 178909 727 38 100 0
n 178909 727 47 100 0
n 179091 182 38 100 1
n 179091 182 50 100 0
n 179273 182 52 100 1
n 179273 182 64 100 0
n 179636 182 50 100 1
n 179636 182 62 100 0
n 179636 727 38 100 0
n 179636 727 45 100 0
n 179818 182 38 100 1
n 179818 182 50 100 0
n 180000 182 49 100 1
n 180000 182 61 100 0
n 180182 182 47 100 1
n 180182 182 59 100 0
n 180363 182 42 100 1
n 180363 182 54 100 0
n 180545 182 42 100 1
n 180545 182 54 100 0
n 180727 182 45 100 1
n 180727 182 57 100 0
n 180909 182 42 100 1
n 180909 182 54 100 0
n 181091 182 47 100 1
n 181091 182 59 100 0
n 181273 182 49 100 1
n 181273 182 61 100 0
n 181454 182 42 100 1
n 181454 182 54 100 0
n 181636 182 45 100 1
n 181636 182 57 100 0
n 181818 182 42 100 1
n 181818 182 54 100 0
n 182000 182 42 100 1
n 182000 182 54 100 0
n 182182 182 49 100 1
n 182182 182 61 100 0
n 182363 182 42 100 1
n 182363 182 54 100 0
n 182545 182 50 100 1
n 182545 182 62 100 0
n 182727 182 42 100 1
n 182727 182 54 100 0
n 182909 182 49 100 1
n 182909 182 61 100 0
n 183091 182 47 100 1
n 183091 182 59 100 0
n 183273 182 40 100 1
n 183273 182 52 100 0
n 183273 1455 40 100 0
n 183273 1455 47 100 0
n 183636 182 49 100 1
n 183636 182 61 100 0
n 183818 182 40 100 1
n 183818 182 52 100 0
n 184000 182 50 100 1
n 184000 182 62 100 0
n 184182 182 49 100 1
n 184182 182 61 100 0
n 184545 182 47 100 1
n 184545 182 59 100 0
n 184727 182 38 100 1
n 184727 182 50 100 0
n 184909 182 38 100 1
n 184909 182 50 100 0
n 185091 182 52 100 1
n 185091 182 64 100 0
n 185273 182 38 100 1
n 185273 182 50 100 0
n 185454 182 50 100 1
n 185454 182 62 100 0
n 185636 182 38 100 1
n 185636 182 50 100 0
n 185818 182 49 100 1
n 185818 182 61 100 0
n 186000 178 47 100 1
n 186000 178 59 100 0

t boss 186353
n 0 2118 56 95 2
n 0 2118 49 95 2
n 0 2118 53 95 2
n 2118 2118 56 95 2
n 2118 2118 49 95 2
n 2118 2118 53 95 2
n 4235 2118 56 95 2
n 6353 2118 56 95 2
n 6353 2118 49 95 2
n 6353 2118 54 95 2
n 8471 2118 56 95 2
n 8471 2118 49 95 2
n 8471 2118 53 95 2
n 10588 2118 56 95 2
n 12706 2118 56 95 2
n 12706 2118 49 95 2
n 12706 2118 54 95 2
n 14824 2118 56 95 2
n 14824 2118 49 95 2
n 14824 2118 54 95 2
n 16941 176 57 95 3
n 17294 176 44 95 3
n 17647 176 44 95 3
n 18000 176 44 95 3
n 18000 176 38 95 3
n 18353 176 44 95 3
n 18706 176 44 95 3
n 19059 176 44 95 3
n 19059 176 36 95 3
n 19059 2118 25 95 1
n 19059 2118 56 95 2
n 19412 176 44 95 3
n 19765 176 44 95 3
n 20118 176 44 95 3
n 20118 176 38 95 3
n 20471 176 44 95 3
n 20471 176 36 95 3
n 20824 176 44 95 3
n 21176 176 44 95 3
n 21176 176 36 95 3
n 21529 176 44 95 3
n 21882 176 44 95 3
n 21882 176 36 95 3
n 22235 176 44 95 3
n 22235 176 38 95 3
n 22588 176 44 95 3
n 22941 176 44 95 3
n 23294 176 44 95 3
n 23294 176 36 95 3
n 23294 1059 32 95 1
n 23294 1059 61 95 0
n 23647 176 44 95 3
n 24000 176 44 95 3
n 24176 176 36 95 3
n 24353 176 44 95 3
n 24353 176 38 95 3
n 24353 1059 30 95 1
n 24353 1059 57 95 0
n 24706 176 44 95 3
n 24706 176 36 95 3
n 25059 176 44 95 3
n 25412 176 44 95 3
n 25412 176 36 95 3
n 25412 2118 25 95 1
n 25412 2118 56 95 2
n 25765 176 44 95 3
n 26118 176 44 95 3
n 26471 176 44 95 3
n 26471 176 38 95 3
n 26824 176 44 95 3
n 27176 176 44 95 3
n 27529 176 44 95 3
n 27529 176 36 95 3
n 27882 176 44 95 3
n 28235 176 44 95 3
n 28588 176 44 95 3
n 28588 176 38 95 3
n 28941 176 44 95 3
n 28941 176 36 95 3
n 29294 176 44 95 3
n 29294 176 25 95 1
n 29471 176 29 95 1
n 29647 176 44 95 3
n 29647 176 36 95 3
n 29647 2118 30 95 1
n 29647 2118 56 95 2
n 30000 176 44 95 3
n 30353 176 44 95 3
n 30353 176 36 95 3
n 30706 176 44 95 3
n 30706 176 38 95 3
n 31059 176 44 95 3
n 31412 176 44 95 3
n 31765 176 44 95 3
n 31765 176 36 95 3
n 31765 1059 32 95 1
n 31765 1059 61 95 0
n 32118 176 44 95 3
n 32471 176 44 95 3
n 32647 176 36 95 3
n 32824 176 44 95 3
n 32824 176 38 95 3
n 32824 1059 30 95 1
n 32824 1059 57 95 0
n 33176 176 44 95 3
n 33176 176 36 95 3
n 33529 176 44 95 3
n 33882 176 57 95 3
n 33882 176 36 95 3
n 34235 176 51 95 3
n 34588 176 51 95 3
n 34941 176 51 95 3
n 34941 176 38 95 3
n 35294 176 51 95 3
n 35647 176 51 95 3
n 36000 176 51 95 3
n 36000 176 36 95 3
n 36000 2118 25 95 1
n 36000 2118 60 95 2
n 36353 176 51 95 3
n 36706 176 51 95 3
n 37059 176 51 95 3
n 37059 176 38 95 3
n 37412 176 51 95 3
n 37412 176 36 95 3
n 37765 176 51 95 3
n 38118 176 51 95 3
n 38118 176 36 95 3
n 38118 2118 27 95 1
n 38118 2118 60 95 2
n 38471 176 51 95 3
n 38824 176 51 95 3
n 38824 176 36 95 3
n 39176 176 51 95 3
n 39176 176 38 95 3
n 39529 176 51 95 3
n 39882 176 51 95 3
n 40235 176 51 95 3
n 40235 176 36 95 3
n 40588 176 51 95 3
n 40941 176 51 95 3
n 41118 176 36 95 3
n 41294 176 51 95 3
n 41294 176 38 95 3
n 41647 176 51 95 3
n 41647 176 36 95 3
n 42000 176 51 95 3
n 42353 176 51 95 3
n 42353 176 36 95 3
n 42353 2118 25 95 1
n 42353 2118 60 95 2
n 42706 176 51 95 3
n 43059 176 51 95 3
n 43412 176 51 95 3
n 43412 176 38 95 3
n 43765 176 51 95 3
n 44118 176 51 95 3
n 44471 176 51 95 3
n 44471 176 36 95 3
n 44471 2118 25 95 1
n 44471 2118 60 95 2
n 44824 176 51 95 3
n 45176 176 51 95 3
n 45529 176 51 95 3
n 45529 176 38 95 3
n 45882 176 51 95 3
n 45882 176 36 95 3
n 46235 176 51 95 3
n 46588 176 51 95 3
n 46588 176 36 95 3
n 46941 176 51 95 3
n 47294 176 51 95 3
n 47294 176 36 95 3
n 47647 176 51 95 3
n 47647 176 38 95 3
n 48000 176 51 95 3
n 48353 176 51 95 3
n 48706 176 51 95 3
n 48706 176 36 95 3
n 48706 1059 61 95 2
n 48706 2118 27 95 1
n 49059 176 51 95 3
n 49412 176 51 95 3
n 49588 176 36 95 3
n 49765 176 51 95 3
n 49765 176 38 95 3
n 49765 1059 60 95 2
n 50118 176 51 95 3
n 50118 176 36 95 3
n 50471 176 51 95 3
n 50824 176 57 95 3
n 50824 176 36 95 3
n 50824 2118 25 95 1
n 50824 2118 56 95 2
n 51176 176 44 95 3
n 51529 176 44 95 3
n 51882 176 44 95 3
n 51882 176 38 95 3
n 52235 176 44 95 3
n 52588 176 44 95 3
n 52941 176 44 95 3
n 52941 176 36 95 3
n 53294 176 44 95 3
n 53647 176 44 95 3
n 54000 176 44 95 3
n 54000 176 38 95 3
n 54353 176 44 95 3
n 54353 176 36 95 3
n 54706 176 44 95 3
n 55059 176 44 95 3
n 55059 176 36 95 3
n 55059 2118 30 95 1
n 55059 2118 56 95 2
n 55412 176 44 95 3
n 55765 176 44 95 3
n 55765 176 36 95 3
n 56118 176 44 95 3
n 56118 176 38 95 3
n 56471 176 44 95 3
n 56824 176 44 95 3
n 57176 176 44 95 3
n 57176 176 36 95 3
n 57529 176 44 95 3
n 57882 176 44 95 3
n 58059 176 36 95 3
n 58235 176 44 95 3
n 58235 176 38 95 3
n 58235 1059 30 95 1
n 58235 1059 57 95 0
n 58588 176 44 95 3
n 58588 176 36 95 3
n 58941 176 44 95 3
n 59294 176 44 95 3
n 59294 176 36 95 3
n 59294 2118 25 95 1
n 59294 2118 56 95 2
n 59647 176 44 95 3
n 60000 176 44 95 3
n 60353 176 44 95 3
n 60353 176 38 95 3
n 60706 176 44 95 3
n 61059 176 44 95 3
n 61412 176 44 95 3
n 61412 176 36 95 3
n 61412 1765 25 95 1
n 61412 2118 56 95 2
n 61765 176 44 95 3
n 62118 176 44 95 3
n 62471 176 44 95 3
n 62471 176 38 95 3
n 62823 176 44 95 3
n 62823 176 36 95 3
n 63176 176 44 95 3
n 63176 176 25 95 1
n 63353 176 29 95 1
n 63529 176 44 95 3
n 63529 176 36 95 3
n 63529 2118 30 95 1
n 63882 176 44 95 3
n 64235 176 44 95 3
n 64235 176 36 95 3
n 64588 176 44 95 3
n 64588 176 38 95 3
n 64941 176 44 95 3
n 65294 176 44 95 3
n 65647 176 44 95 3
n 65647 176 36 95 3
n 65647 1059 32 95 1
n 65647 1059 61 95 0
n 66000 176 44 95 3
n 66353 176 44 95 3
n 66529 176 36 95 3
n 66706 176 44 95 3
n 66706 176 38 95 3
n 66706 1059 30 95 1
n 66706 1059 57 95 0
n 67059 176 44 95 3
n 67059 176 36 95 3
n 67412 176 44 95 3
n 67765 176 57 95 3
n 67765 176 36 95 3
n 67765 2118 25 95 1
n 67765 2118 60 95 2
n 68118 176 51 95 3
n 68471 176 51 95 3
n 68823 176 51 95 3
n 68823 176 38 95 3
n 69176 176 51 95 3
n 69529 176 51 95 3
n 69882 176 51 95 3
n 69882 176 36 95 3
n 70235 176 51 95 3
n 70588 176 51 95 3
n 70941 176 51 95 3
n 70941 176 38 95 3
n 71294 176 51 95 3
n 71294 176 36 95 3
n 71647 176 51 95 3
n 72000 176 51 95 3
n 72000 176 36 95 3
n 72000 2118 27 95 1
n 72000 2118 60 95 2
n 72353 176 51 95 3
n 72706 176 51 95 3
n 72706 176 36 95 3
n 73059 176 51 95 3
n 73059 176 38 95 3
n 73412 176 51 95 3
n 73765 176 51 95 3
n 74118 176 51 95 3
n 74118 176 36 95 3
n 74118 2118 27 95 1
n 74118 2118 60 95 2
n 74471 176 51 95 3
n 74823 176 51 95 3
n 75000 176 36 95 3
n 75176 176 51 95 3
n 75176 176 38 95 3
n 75529 176 51 95 3
n 75529 176 36 95 3
n 75882 176 51 95 3
n 76235 176 51 95 3
n 76235 176 36 95 3
n 76588 176 51 95 3
n 76941 176 51 95 3
n 77294 176 51 95 3
n 77294 176 38 95 3
n 77647 176 51 95 3
n 78000 176 51 95 3
n 78353 176 51 95 3
n 78353 176 36 95 3
n 78353 2118 25 95 1
n 78353 2118 60 95 2
n 78706 176 51 95 3
n 79059 176 51 95 3
n 79412 176 51 95 3
n 79412 176 38 95 3
n 79765 176 51 95 3
n 79765 176 36 95 3
n 80118 176 51 95 3
n 80471 176 51 95 3
n 80471 176 36 95 3
n 80471 2118 27 95 1
n 80471 2118 60 95 2
n 80823 176 51 95 3
n 81176 176 51 95 3
n 81176 176 36 95 3
n 81529 176 51 95 3
n 81529 176 38 95 3
n 81882 176 51 95 3
n 82235 176 51 95 3
n 82588 176 51 95 3
n 82588 176 36 95 3
n 82941 176 51 95 3
n 83294 176 51 95 3
n 83471 176 36 95 3
n 83647 176 51 95 3
n 83647 176 38 95 3
n 83647 1059 60 95 2
n 84000 176 51 95 3
n 84000 176 36 95 3
n 84353 176 51 95 3
n 84706 176 57 95 3
n 84706 176 36 95 3
n 84706 2118 37 95 1
n 84706 2118 37 95 2
n 85059 176 44 95 3
n 85412 176 44 95 3
n 85765 176 44 95 3
n 85765 176 38 95 3
n 86118 176 44 95 3
n 86471 176 44 95 3
n 86823 176 44 95 3
n 86823 176 36 95 3
n 87176 176 44 95 3
n 87529 176 44 95 3
n 87882 176 44 95 3
n 87882 176 38 95 3
n 88235 176 44 95 3
n 88235 176 36 95 3
n 88588 176 44 95 3
n 88941 176 44 95 3
n 88941 176 36 95 3
n 88941 2118 42 95 1
n 88941 2118 37 95 2
n 89294 176 44 95 3
n 89647 176 44 95 3
n 89647 176 36 95 3
n 90000 176 44 95 3
n 90000 176 38 95 3
n 90353 176 44 95 3
n 90706 176 44 95 3
n 91059 176 44 95 3
n 91059 176 36 95 3
n 91059 1059 44 95 1
n 91059 2118 37 95 2
n 91412 176 44 95 3
n 91765 176 44 95 3
n 91941 176 36 95 3
n 92118 176 44 95 3
n 92118 176 38 95 3
n 92118 1059 42 95 1
n 92471 176 44 95 3
n 92471 176 36 95 3
n 92823 176 44 95 3
n 93176 176 44 95 3
n 93176 176 36 95 3
n 93529 176 44 95 3
n 93882 176 44 95 3
n 94235 176 44 95 3
n 94235 176 38 95 3
n 94588 176 44 95 3
n 94941 176 44 95 3
n 95294 176 44 95 3
n 95294 176 36 95 3
n 95294 1765 37 95 1
n 95294 2118 37 95 2
n 95647 176 44 95 3
n 96000 176 44 95 3
n 96353 176 44 95 3
n 96353 176 38 95 3
n 96706 176 44 95 3
n 96706 176 36 95 3
n 97059 176 44 95 3
n 97059 176 37 95 1
n 97235 176 41 95 1
n 97412 176 44 95 3
n 97412 176 36 95 3
n 97412 2118 42 95 1
n 97412 2118 37 95 2
n 97765 176 44 95 3
n 98118 176 44 95 3
n 98118 176 36 95 3
n 98471 176 44 95 3
n 98471 176 38 95 3
n 98823 176 44 95 3
n 99176 176 44 95 3
n 99529 176 44 95 3
n 99529 176 36 95 3
n 99882 176 44 95 3
n 100235 176 44 95 3
n 100412 176 36 95 3
n 100588 176 44 95 3
n 100588 176 38 95 3
n 100588 1059 42 95 1
n 100941 176 44 95 3
n 100941 176 36 95 3
n 101294 176 44 95 3
n 101647 176 57 95 3
n 101647 176 36 95 3
n 101647 2118 37 95 1
n 101647 2118 37 95 2
n 102000 176 51 95 3
n 102353 176 51 95 3
n 102706 176 51 95 3
n 102706 176 38 95 3
n 103059 176 51 95 3
n 103412 176 51 95 3
n 103765 176 51 95 3
n 103765 176 36 95 3
n 103765 2118 37 95 1
n 103765 2118 37 95 2
n 104118 176 51 95 3
n 104471 176 51 95 3
n 104823 176 51 95 3
n 104823 176 38 95 3
n 105176 176 51 95 3
n 105176 176 36 95 3
n 105529 176 51 95 3
n 105882 176 51 95 3
n 105882 176 36 95 3
n 106235 176 51 95 3
n 106588 176 51 95 3
n 106588 176 36 95 3
n 106941 176 51 95 3
n 106941 176 38 95 3
n 107294 176 51 95 3
n 107647 176 51 95 3
n 108000 176 51 95 3
n 108000 176 36 95 3
n 108000 2118 39 95 1
n 108000 2118 39 95 2
n 108353 176 51 95 3
n 108706 176 51 95 3
n 108882 176 36 95 3
n 109059 176 51 95 3
n 109059 176 38 95 3
n 109412 176 51 95 3
n 109412 176 36 95 3
n 109765 176 51 95 3
n 110118 176 51 95 3
n 110118 176 36 95 3
n 110118 2118 37 95 1
n 110118 2118 37 95 2
n 110471 176 51 95 3
n 110823 176 51 95 3
n 111176 176 51 95 3
n 111176 176 38 95 3
n 111529 176 51 95 3
n 111882 176 51 95 3
n 112235 176 51 95 3
n 112235 176 36 95 3
n 112588 176 51 95 3
n 112941 176 51 95 3
n 113294 176 51 95 3
n 113294 176 38 95 3
n 113647 176 51 95 3
n 113647 176 36 95 3
n 114000 176 51 95 3
n 114353 176 51 95 3
n 114353 176 36 95 3
n 114353 2118 39 95 1
n 114353 2118 39 95 2
n 114706 176 51 95 3
n 115059 176 51 95 3
n 115059 176 36 95 3
n 115412 176 51 95 3
n 115412 176 38 95 3
n 115765 176 51 95 3
n 116118 176 51 95 3
n 116471 176 51 95 3
n 116471 176 36 95 3
n 116471 1059 61 95 0
n 116471 2118 39 95 1
n 116823 176 51 95 3
n 117176 176 51 95 3
n 117353 176 36 95 3
n 117529 176 51 95 3
n 117529 176 38 95 3
n 117882 176 51 95 3
n 117882 176 36 95 3
n 118235 176 51 95 3
n 118588 176 57 95 3
n 118588 176 36 95 3
n 118588 2118 37 95 1
n 118941 176 44 95 3
n 119294 176 44 95 3
n 119647 176 44 95 3
n 119647 176 38 95 3
n 120000 176 44 95 3
n 120353 176 44 95 3
n 120706 176 44 95 3
n 120706 176 36 95 3
n 120706 2118 37 95 1
n 120706 2118 37 95 2
n 121059 176 44 95 3
n 121412 176 44 95 3
n 121765 176 44 95 3
n 121765 176 38 95 3
n 122118 176 44 95 3
n 122118 176 36 95 3
n 122471 176 44 95 3
n 122823 176 44 95 3
n 122823 176 36 95 3
n 123176 176 44 95 3
n 123529 176 44 95 3
n 123529 176 36 95 3
n 123882 176 44 95 3
n 123882 176 38 95 3
n 124235 176 44 95 3
n 124588 176 44 95 3
n 124941 176 44 95 3
n 124941 176 36 95 3
n 124941 1059 44 95 1
n 124941 2118 37 95 2
n 125294 176 44 95 3
n 125647 176 44 95 3
n 125823 176 36 95 3
n 126000 176 44 95 3
n 126000 176 38 95 3
n 126000 1059 42 95 1
n 126353 176 44 95 3
n 126353 176 36 95 3
n 126706 176 44 95 3
n 127059 176 44 95 3
n 127059 176 36 95 3
n 127059 2118 37 95 1
n 127059 2118 37 95 2
n 127412 176 44 95 3
n 127765 176 44 95 3
n 128118 176 44 95 3
n 128118 176 38 95 3
n 128471 176 44 95 3
n 128823 176 44 95 3
n 129176 176 44 95 3
n 129176 176 36 95 3
n 129529 176 44 95 3
n 129882 176 44 95 3
n 130235 176 44 95 3
n 130235 176 38 95 3
n 130588 176 44 95 3
n 130588 176 36 95 3
n 130941 176 44 95 3
n 130941 176 37 95 1
n 131118 176 41 95 1
n 131294 176 44 95 3
n 131294 176 36 95 3
n 131294 2118 42 95 1
n 131294 2118 37 95 2
n 131647 176 44 95 3
n 132000 176 44 95 3
n 132000 176 36 95 3
n 132353 176 44 95 3
n 132353 176 38 95 3
n 132706 176 44 95 3
n 133059 176 44 95 3
n 133412 176 44 95 3
n 133412 176 36 95 3
n 133412 1059 44 95 1
n 133412 2118 37 95 2
n 133765 176 44 95 3
n 134118 176 44 95 3
n 134294 176 36 95 3
n 134471 176 44 95 3
n 134471 176 38 95 3
n 134471 1059 42 95 1
n 134823 176 44 95 3
n 134823 176 36 95 3
n 135176 176 44 95 3
n 135529 176 57 95 3
n 135529 176 36 95 3
n 135882 176 51 95 3
n 136235 176 51 95 3
n 136588 176 51 95 3
n 136588 176 38 95 3
n 136941 176 51 95 3
n 137294 176 51 95 3
n 137647 176 51 95 3
n 137647 176 36 95 3
n 137647 2118 37 95 1
n 137647 2118 37 95 2
n 138000 176 51 95 3
n 138353 176 51 95 3
n 138706 176 51 95 3
n 138706 176 38 95 3
n 139059 176 51 95 3
n 139059 176 36 95 3
n 139412 176 51 95 3
n 139765 176 51 95 3
n 139765 176 36 95 3
n 139765 2118 39 95 1
n 139765 2118 39 95 2
n 140118 176 51 95 3
n 140471 176 51 95 3
n 140471 176 36 95 3
n 140823 176 51 95 3
n 140823 176 38 95 3
n 141176 176 51 95 3
n 141529 176 51 95 3
n 141882 176 51 95 3
n 141882 176 36 95 3
n 142235 176 51 95 3
n 142588 176 51 95 3
n 142765 176 36 95 3
n 142941 176 51 95 3
n 142941 176 38 95 3
n 143294 176 51 95 3
n 143294 176 36 95 3
n 143647 176 51 95 3
n 144000 176 51 95 3
n 144000 176 36 95 3
n 144000 2118 37 95 1
n 144000 2118 37 95 2
n 144353 176 51 95 3
n 144706 176 51 95 3
n 145059 176 51 95 3
n 145059 176 38 95 3
n 145412 176 51 95 3
n 145765 176 51 95 3
n 146118 176 51 95 3
n 146118 176 36 95 3
n 146118 2118 37 95 1
n 146118 2118 37 95 2
n 146471 176 51 95 3
n 146823 176 51 95 3
n 147176 176 51 95 3
n 147176 176 38 95 3
n 147529 176 51 95 3
n 147529 176 36 95 3
n 147882 176 51 95 3
n 148235 176 51 95 3
n 148235 176 36 95 3
n 148588 176 51 95 3
n 148941 176 51 95 3
n 148941 176 36 95 3
n 149294 176 51 95 3
n 149294 176 38 95 3
n 149647 176 51 95 3
n 150000 176 51 95 3
n 150353 176 51 95 3
n 150353 176 36 95 3
n 150353 1059 61 95 0
n 150353 2118 39 95 1
n 150706 176 51 95 3
n 151059 176 51 95 3
n 151235 176 36 95 3
n 151412 176 51 95 3
n 151412 176 38 95 3
n 151412 1059 60 95 0
n 151765 176 51 95 3
n 151765 176 36 95 3
n 152118 176 51 95 3
n 152471 2118 56 95 2
n 152471 2118 49 95 2
n 152471 2118 53 95 2
n 152471 2824 57 95 3
n 156706 2118 56 95 2
n 156706 2118 49 95 2
n 156706 2118 54 95 2
n 156706 2118 56 95 0
n 159882 1059 57 95 0
n 159882 1059 69 95 0
n 160941 2118 56 95 2
n 160941 2118 49 95 2
n 160941 2118 53 95 2
n 160941 4235 56 95 0
n 163059 2118 56 95 2
n 163059 2118 49 95 2
n 163059 2118 53 95 2
n 165176 2118 56 95 2
n 167294 1059 61 95 0
n 167294 1059 73 95 0
n 167294 2118 56 95 2
n 167294 2118 49 95 2
n 168353 1059 57 95 0
n 168353 1059 69 95 0
n 169412 2118 60 95 2
n 169412 2118 49 95 2
n 169412 2118 53 95 2
n 169412 4235 56 95 0
n 173647 2118 60 95 2
n 173647 2118 51 95 2
n 173647 2118 53 95 2
n 175765 2118 60 95 2
n 175765 2118 51 95 2
n 175765 2118 53 95 2
n 177882 2118 60 95 2
n 180000 2118 60 95 2
n 180000 2118 49 95 2
n 180000 2118 53 95 2
n 182118 2118 60 95 2
n 182118 2118 51 95 2
n 182118 2118 53 95 2
n 184235 1059 61 95 2
n 185294 1059 60 95 2
